INSERT INTO `ability` (`ability_idx`, `input_type`, `person_idx`, `measure_date`, `pass`, `physical`, `shoot`, `speed`, `dribble`, `defence`) VALUES
	(1, 0, 1, '2024-02-24 00:00:00', 61, 62, 60, 63, 61, 64),
	(2, 0, 1, '2024-03-02 00:00:00', 62, 63, 61, 63, 62, 64),
	(3, 0, 1, '2024-03-09 00:00:00', 61, 63, 60, 62, 62, 65),
	(4, 0, 1, '2024-03-16 00:00:00', 63, 62, 61, 65, 63, 64),
	(5, 0, 1, '2024-03-23 00:00:00', 62, 64, 62, 65, 64, 66),
	(6, 0, 1, '2024-03-30 00:00:00', 64, 64, 63, 66, 64, 66),
	(7, 0, 1, '2024-04-06 00:00:00', 64, 65, 63, 66, 65, 67),
	(8, 0, 1, '2024-04-13 00:00:00', 63, 64, 64, 66, 64, 67),
	(9, 0, 1, '2024-04-20 00:00:00', 65, 66, 64, 67, 66, 68),
	(10, 0, 1, '2024-04-27 00:00:00', 64, 65, 65, 67, 65, 68),
	(11, 0, 1, '2024-05-04 00:00:00', 66, 67, 65, 68, 67, 68),
	(12, 0, 1, '2024-05-11 00:00:00', 66, 66, 66, 67, 67, 69),
	(13, 0, 1, '2024-05-18 00:00:00', 67, 68, 66, 69, 68, 69),
	(14, 0, 1, '2024-05-25 00:00:00', 67, 67, 67, 69, 67, 70),
	(15, 0, 1, '2024-06-01 00:00:00', 68, 69, 67, 70, 69, 70),
	(16, 0, 1, '2024-06-08 00:00:00', 68, 68, 68, 70, 68, 71),
	(17, 0, 1, '2024-06-15 00:00:00', 69, 70, 69, 70, 70, 71),
	(18, 0, 1, '2024-06-22 00:00:00', 68, 71, 69, 71, 71, 72),
	(19, 0, 1, '2024-06-29 00:00:00', 70, 71, 70, 71, 71, 72),
	(20, 0, 1, '2024-07-06 00:00:00', 69, 70, 69, 70, 70, 73),
	(21, 0, 1, '2024-07-13 00:00:00', 70, 71, 70, 72, 72, 72),
	(22, 0, 1, '2024-07-20 00:00:00', 71, 72, 71, 71, 73, 73),
	(23, 0, 1, '2024-07-27 00:00:00', 71, 72, 71, 73, 72, 74),
	(24, 0, 1, '2024-08-03 00:00:00', 72, 73, 72, 74, 73, 73),
	(25, 0, 1, '2024-08-10 00:00:00', 72, 72, 73, 74, 74, 74),
	(26, 0, 1, '2024-08-17 00:00:00', 73, 74, 72, 73, 74, 75),
	(27, 0, 1, '2024-08-24 00:00:00', 73, 74, 73, 75, 75, 75),
	(28, 0, 1, '2024-08-31 00:00:00', 74, 75, 74, 75, 75, 76),
	(29, 0, 1, '2024-09-07 00:00:00', 75, 74, 74, 76, 76, 76),
	(30, 0, 2, '2024-02-24 00:00:00', 65, 66, 65, 67, 66, 68),
	(31, 0, 2, '2024-03-02 00:00:00', 65, 66, 66, 67, 67, 68),
	(32, 0, 2, '2024-03-09 00:00:00', 66, 67, 66, 67, 66, 69),
	(33, 0, 2, '2024-03-16 00:00:00', 66, 67, 67, 68, 68, 69),
	(34, 0, 2, '2024-03-23 00:00:00', 67, 68, 67, 68, 67, 69),
	(35, 0, 2, '2024-03-30 00:00:00', 67, 68, 67, 69, 69, 70),
	(36, 0, 2, '2024-04-06 00:00:00', 68, 68, 68, 69, 69, 70),
	(37, 0, 2, '2024-04-13 00:00:00', 68, 69, 69, 69, 70, 71),
	(38, 0, 2, '2024-04-20 00:00:00', 69, 70, 69, 70, 71, 71),
	(39, 0, 2, '2024-04-27 00:00:00', 69, 70, 70, 70, 71, 71),
	(40, 0, 2, '2024-05-04 00:00:00', 70, 70, 70, 71, 71, 72),
	(41, 0, 2, '2024-05-11 00:00:00', 70, 71, 71, 71, 72, 72),
	(42, 0, 2, '2024-05-18 00:00:00', 71, 71, 71, 71, 73, 72),
	(43, 0, 2, '2024-05-25 00:00:00', 71, 72, 71, 72, 73, 73),
	(44, 0, 2, '2024-06-01 00:00:00', 72, 72, 72, 72, 73, 73),
	(45, 0, 2, '2024-06-08 00:00:00', 72, 73, 72, 73, 74, 74),
	(46, 0, 2, '2024-06-15 00:00:00', 73, 73, 73, 73, 75, 74),
	(47, 0, 2, '2024-06-22 00:00:00', 73, 74, 73, 74, 74, 75),
	(48, 0, 2, '2024-06-29 00:00:00', 73, 73, 72, 74, 75, 75),
	(49, 0, 2, '2024-07-06 00:00:00', 73, 74, 72, 74, 74, 74),
	(50, 0, 2, '2024-07-13 00:00:00', 74, 74, 73, 74, 74, 75),
	(51, 0, 2, '2024-07-20 00:00:00', 73, 73, 72, 74, 75, 74),
	(52, 0, 2, '2024-07-27 00:00:00', 74, 75, 73, 75, 75, 75),
	(53, 0, 2, '2024-08-03 00:00:00', 74, 75, 74, 75, 76, 76),
	(54, 0, 2, '2024-08-10 00:00:00', 74, 74, 75, 76, 76, 75),
	(55, 0, 2, '2024-08-17 00:00:00', 75, 76, 74, 76, 76, 76),
	(56, 0, 2, '2024-08-24 00:00:00', 75, 75, 75, 77, 76, 76),
	(57, 0, 2, '2024-08-31 00:00:00', 75, 76, 75, 77, 77, 77),
	(58, 0, 2, '2024-09-07 00:00:00', 76, 76, 75, 78, 77, 77),
	(59, 0, 3, '2024-02-24 00:00:00', 58, 57, 59, 60, 58, 61),
	(60, 0, 3, '2024-03-02 00:00:00', 59, 58, 60, 60, 59, 62),
	(61, 0, 3, '2024-03-09 00:00:00', 60, 58, 60, 61, 59, 62),
	(62, 0, 3, '2024-03-16 00:00:00', 60, 59, 61, 62, 60, 63),
	(63, 0, 3, '2024-03-23 00:00:00', 61, 60, 62, 63, 61, 63),
	(64, 0, 3, '2024-03-30 00:00:00', 61, 61, 63, 63, 61, 64),
	(65, 0, 3, '2024-04-06 00:00:00', 62, 61, 63, 64, 62, 64),
	(66, 0, 3, '2024-04-13 00:00:00', 62, 62, 64, 65, 62, 65),
	(67, 0, 3, '2024-04-20 00:00:00', 63, 62, 64, 65, 63, 66),
	(68, 0, 3, '2024-04-27 00:00:00', 63, 63, 65, 66, 64, 66),
	(69, 0, 3, '2024-05-04 00:00:00', 64, 64, 66, 66, 65, 67),
	(70, 0, 3, '2024-05-11 00:00:00', 64, 64, 66, 67, 66, 68),
	(71, 0, 3, '2024-05-18 00:00:00', 65, 65, 67, 67, 66, 68),
	(72, 0, 3, '2024-05-25 00:00:00', 66, 66, 67, 68, 67, 69),
	(73, 0, 3, '2024-06-01 00:00:00', 66, 67, 68, 68, 68, 70),
	(74, 0, 3, '2024-06-08 00:00:00', 67, 67, 69, 69, 68, 70),
	(75, 0, 3, '2024-06-15 00:00:00', 68, 68, 69, 70, 69, 71),
	(76, 0, 3, '2024-06-22 00:00:00', 68, 69, 70, 71, 70, 71),
	(77, 0, 3, '2024-06-29 00:00:00', 69, 69, 71, 71, 71, 72),
	(78, 0, 3, '2024-07-06 00:00:00', 69, 70, 71, 72, 70, 73),
	(79, 0, 3, '2024-07-13 00:00:00', 70, 70, 72, 72, 71, 73),
	(80, 0, 3, '2024-07-20 00:00:00', 71, 71, 73, 73, 72, 74),
	(81, 0, 3, '2024-07-27 00:00:00', 71, 72, 73, 74, 72, 75),
	(82, 0, 3, '2024-08-03 00:00:00', 72, 72, 74, 74, 73, 74),
	(83, 0, 3, '2024-08-10 00:00:00', 72, 73, 74, 75, 74, 75),
	(84, 0, 3, '2024-08-17 00:00:00', 73, 73, 75, 75, 74, 75),
	(85, 0, 3, '2024-08-24 00:00:00', 74, 74, 76, 76, 75, 76),
	(86, 0, 3, '2024-08-31 00:00:00', 74, 74, 76, 76, 76, 77),
	(87, 0, 3, '2024-09-07 00:00:00', 75, 75, 77, 77, 76, 77),
	(88, 0, 4, '2024-02-24 00:00:00', 61, 62, 60, 63, 61, 64),
	(89, 0, 4, '2024-03-02 00:00:00', 62, 63, 61, 63, 62, 64),
	(90, 0, 4, '2024-03-09 00:00:00', 61, 63, 60, 62, 62, 65),
	(91, 0, 4, '2024-03-16 00:00:00', 63, 62, 61, 65, 63, 64),
	(92, 0, 4, '2024-03-23 00:00:00', 62, 64, 62, 65, 64, 66),
	(93, 0, 4, '2024-03-30 00:00:00', 64, 64, 63, 66, 64, 66),
	(94, 0, 4, '2024-04-06 00:00:00', 64, 65, 63, 66, 65, 67),
	(95, 0, 4, '2024-04-13 00:00:00', 63, 64, 64, 66, 64, 67),
	(96, 0, 4, '2024-04-20 00:00:00', 65, 66, 64, 67, 66, 68),
	(97, 0, 4, '2024-04-27 00:00:00', 64, 65, 65, 67, 65, 68),
	(98, 0, 4, '2024-05-04 00:00:00', 66, 67, 65, 68, 67, 68),
	(99, 0, 4, '2024-05-11 00:00:00', 66, 66, 66, 67, 67, 69),
	(100, 0, 4, '2024-05-18 00:00:00', 67, 68, 66, 69, 68, 69),
	(101, 0, 4, '2024-05-25 00:00:00', 67, 67, 67, 69, 67, 70),
	(102, 0, 4, '2024-06-01 00:00:00', 68, 69, 67, 70, 69, 70),
	(103, 0, 4, '2024-06-08 00:00:00', 68, 68, 68, 70, 68, 71),
	(104, 0, 4, '2024-06-15 00:00:00', 69, 70, 69, 70, 70, 71),
	(105, 0, 4, '2024-06-22 00:00:00', 68, 71, 69, 71, 71, 72),
	(106, 0, 4, '2024-06-29 00:00:00', 70, 71, 70, 71, 71, 72),
	(107, 0, 4, '2024-07-06 00:00:00', 69, 70, 69, 70, 70, 73),
	(108, 0, 4, '2024-07-13 00:00:00', 70, 71, 70, 72, 72, 72),
	(109, 0, 4, '2024-07-20 00:00:00', 71, 72, 71, 71, 73, 73),
	(110, 0, 4, '2024-07-27 00:00:00', 71, 72, 71, 73, 72, 74),
	(111, 0, 4, '2024-08-03 00:00:00', 72, 73, 72, 74, 73, 73),
	(112, 0, 4, '2024-08-10 00:00:00', 72, 72, 73, 74, 74, 74),
	(113, 0, 4, '2024-08-17 00:00:00', 73, 74, 72, 73, 74, 75),
	(114, 0, 4, '2024-08-24 00:00:00', 73, 74, 73, 75, 75, 75),
	(115, 0, 4, '2024-08-31 00:00:00', 74, 75, 74, 75, 75, 76),
	(116, 0, 4, '2024-09-07 00:00:00', 75, 74, 74, 76, 76, 76),
	(117, 0, 5, '2024-02-24 00:00:00', 65, 66, 65, 67, 66, 68),
	(118, 0, 5, '2024-03-02 00:00:00', 65, 66, 66, 67, 67, 68),
	(119, 0, 5, '2024-03-09 00:00:00', 66, 67, 66, 67, 66, 69),
	(120, 0, 5, '2024-03-16 00:00:00', 66, 67, 67, 68, 68, 69),
	(121, 0, 5, '2024-03-23 00:00:00', 67, 68, 67, 68, 67, 69),
	(122, 0, 5, '2024-03-30 00:00:00', 67, 68, 67, 69, 69, 70),
	(123, 0, 5, '2024-04-06 00:00:00', 68, 68, 68, 69, 69, 70),
	(124, 0, 5, '2024-04-13 00:00:00', 68, 69, 69, 69, 70, 71),
	(125, 0, 5, '2024-04-20 00:00:00', 69, 70, 69, 70, 71, 71),
	(126, 0, 5, '2024-04-27 00:00:00', 69, 70, 70, 70, 71, 71),
	(127, 0, 5, '2024-05-04 00:00:00', 70, 70, 70, 71, 71, 72),
	(128, 0, 5, '2024-05-11 00:00:00', 70, 71, 71, 71, 72, 72),
	(129, 0, 5, '2024-05-18 00:00:00', 71, 71, 71, 71, 73, 72),
	(130, 0, 5, '2024-05-25 00:00:00', 71, 72, 71, 72, 73, 73),
	(131, 0, 5, '2024-06-01 00:00:00', 72, 72, 72, 72, 73, 73),
	(132, 0, 5, '2024-06-08 00:00:00', 72, 73, 72, 73, 74, 74),
	(133, 0, 5, '2024-06-15 00:00:00', 73, 73, 73, 73, 75, 74),
	(134, 0, 5, '2024-06-22 00:00:00', 73, 74, 73, 74, 74, 75),
	(135, 0, 5, '2024-06-29 00:00:00', 73, 73, 72, 74, 75, 75),
	(136, 0, 5, '2024-07-06 00:00:00', 73, 74, 72, 74, 74, 74),
	(137, 0, 5, '2024-07-13 00:00:00', 74, 74, 73, 74, 74, 75),
	(138, 0, 5, '2024-07-20 00:00:00', 73, 73, 72, 74, 75, 74),
	(139, 0, 5, '2024-07-27 00:00:00', 74, 75, 73, 75, 75, 75),
	(140, 0, 5, '2024-08-03 00:00:00', 74, 75, 74, 75, 76, 76),
	(141, 0, 5, '2024-08-10 00:00:00', 74, 74, 75, 76, 76, 75),
	(142, 0, 5, '2024-08-17 00:00:00', 75, 76, 74, 76, 76, 76),
	(143, 0, 5, '2024-08-24 00:00:00', 75, 75, 75, 77, 76, 76),
	(144, 0, 5, '2024-08-31 00:00:00', 75, 76, 75, 77, 77, 77),
	(145, 0, 5, '2024-09-07 00:00:00', 76, 76, 75, 78, 77, 77),
	(146, 0, 6, '2024-02-24 00:00:00', 58, 57, 59, 60, 58, 61),
	(147, 0, 6, '2024-03-02 00:00:00', 59, 58, 60, 60, 59, 62),
	(148, 0, 6, '2024-03-09 00:00:00', 60, 58, 60, 61, 59, 62),
	(149, 0, 6, '2024-03-16 00:00:00', 60, 59, 61, 62, 60, 63),
	(150, 0, 6, '2024-03-23 00:00:00', 61, 60, 62, 63, 61, 63),
	(151, 0, 6, '2024-03-30 00:00:00', 61, 61, 63, 63, 61, 64),
	(152, 0, 6, '2024-04-06 00:00:00', 62, 61, 63, 64, 62, 64),
	(153, 0, 6, '2024-04-13 00:00:00', 62, 62, 64, 65, 62, 65),
	(154, 0, 6, '2024-04-20 00:00:00', 63, 62, 64, 65, 63, 66),
	(155, 0, 6, '2024-04-27 00:00:00', 63, 63, 65, 66, 64, 66),
	(156, 0, 6, '2024-05-04 00:00:00', 64, 64, 66, 66, 65, 67),
	(157, 0, 6, '2024-05-11 00:00:00', 64, 64, 66, 67, 66, 68),
	(158, 0, 6, '2024-05-18 00:00:00', 65, 65, 67, 67, 66, 68),
	(159, 0, 6, '2024-05-25 00:00:00', 66, 66, 67, 68, 67, 69),
	(160, 0, 6, '2024-06-01 00:00:00', 66, 67, 68, 68, 68, 70),
	(161, 0, 6, '2024-06-08 00:00:00', 67, 67, 69, 69, 68, 70),
	(162, 0, 6, '2024-06-15 00:00:00', 68, 68, 69, 70, 69, 71),
	(163, 0, 6, '2024-06-22 00:00:00', 68, 69, 70, 71, 70, 71),
	(164, 0, 6, '2024-06-29 00:00:00', 69, 69, 71, 71, 71, 72),
	(165, 0, 6, '2024-07-06 00:00:00', 69, 70, 71, 72, 70, 73),
	(166, 0, 6, '2024-07-13 00:00:00', 70, 70, 72, 72, 71, 73),
	(167, 0, 6, '2024-07-20 00:00:00', 71, 71, 73, 73, 72, 74),
	(168, 0, 6, '2024-07-27 00:00:00', 71, 72, 73, 74, 72, 75),
	(169, 0, 6, '2024-08-03 00:00:00', 72, 72, 74, 74, 73, 74),
	(170, 0, 6, '2024-08-10 00:00:00', 72, 73, 74, 75, 74, 75),
	(171, 0, 6, '2024-08-17 00:00:00', 73, 73, 75, 75, 74, 75),
	(172, 0, 6, '2024-08-24 00:00:00', 74, 74, 76, 76, 75, 76),
	(173, 0, 6, '2024-08-31 00:00:00', 74, 74, 76, 76, 76, 77),
	(174, 0, 6, '2024-09-07 00:00:00', 75, 75, 77, 77, 76, 77),
	(215, 0, 7, '2024-02-24 00:00:00', 61, 62, 60, 63, 61, 64),
	(216, 0, 7, '2024-03-02 00:00:00', 62, 63, 61, 63, 62, 64),
	(217, 0, 7, '2024-03-09 00:00:00', 61, 63, 60, 62, 62, 65),
	(218, 0, 7, '2024-03-16 00:00:00', 63, 62, 61, 65, 63, 64),
	(219, 0, 7, '2024-03-23 00:00:00', 62, 64, 62, 65, 64, 66),
	(220, 0, 7, '2024-03-30 00:00:00', 64, 64, 63, 66, 64, 66),
	(221, 0, 7, '2024-04-06 00:00:00', 64, 65, 63, 66, 65, 67),
	(222, 0, 7, '2024-04-13 00:00:00', 63, 64, 64, 66, 64, 67),
	(223, 0, 7, '2024-04-20 00:00:00', 65, 66, 64, 67, 66, 68),
	(224, 0, 7, '2024-04-27 00:00:00', 64, 65, 65, 67, 65, 68),
	(225, 0, 7, '2024-05-04 00:00:00', 66, 67, 65, 68, 67, 68),
	(226, 0, 7, '2024-05-11 00:00:00', 66, 66, 66, 67, 67, 69),
	(227, 0, 7, '2024-05-18 00:00:00', 67, 68, 66, 69, 68, 69),
	(228, 0, 7, '2024-05-25 00:00:00', 67, 67, 67, 69, 67, 70),
	(229, 0, 7, '2024-06-01 00:00:00', 68, 69, 67, 70, 69, 70),
	(230, 0, 7, '2024-06-08 00:00:00', 68, 68, 68, 70, 68, 71),
	(231, 0, 7, '2024-06-15 00:00:00', 69, 70, 69, 70, 70, 71),
	(232, 0, 7, '2024-06-22 00:00:00', 68, 71, 69, 71, 71, 72),
	(233, 0, 7, '2024-06-29 00:00:00', 70, 71, 70, 71, 71, 72),
	(234, 0, 7, '2024-07-06 00:00:00', 69, 70, 69, 70, 70, 73),
	(235, 0, 7, '2024-07-13 00:00:00', 70, 71, 70, 72, 72, 72),
	(236, 0, 7, '2024-07-20 00:00:00', 71, 72, 71, 71, 73, 73),
	(237, 0, 7, '2024-07-27 00:00:00', 71, 72, 71, 73, 72, 74),
	(238, 0, 7, '2024-08-03 00:00:00', 72, 73, 72, 74, 73, 73),
	(239, 0, 7, '2024-08-10 00:00:00', 72, 72, 73, 74, 74, 74),
	(240, 0, 7, '2024-08-17 00:00:00', 73, 74, 72, 73, 74, 75),
	(241, 0, 7, '2024-08-24 00:00:00', 73, 74, 73, 75, 75, 75),
	(242, 0, 7, '2024-08-31 00:00:00', 74, 75, 74, 75, 75, 76),
	(243, 0, 7, '2024-09-07 00:00:00', 75, 74, 74, 76, 76, 76),
	(244, 0, 8, '2024-02-24 00:00:00', 65, 66, 65, 67, 66, 68),
	(245, 0, 8, '2024-03-02 00:00:00', 65, 66, 66, 67, 67, 68),
	(246, 0, 8, '2024-03-09 00:00:00', 66, 67, 66, 67, 66, 69),
	(247, 0, 8, '2024-03-16 00:00:00', 66, 67, 67, 68, 68, 69),
	(248, 0, 8, '2024-03-23 00:00:00', 67, 68, 67, 68, 67, 69),
	(249, 0, 8, '2024-03-30 00:00:00', 67, 68, 67, 69, 69, 70),
	(250, 0, 8, '2024-04-06 00:00:00', 68, 68, 68, 69, 69, 70),
	(251, 0, 8, '2024-04-13 00:00:00', 68, 69, 69, 69, 70, 71),
	(252, 0, 8, '2024-04-20 00:00:00', 69, 70, 69, 70, 71, 71),
	(253, 0, 8, '2024-04-27 00:00:00', 69, 70, 70, 70, 71, 71),
	(254, 0, 8, '2024-05-04 00:00:00', 70, 70, 70, 71, 71, 72),
	(255, 0, 8, '2024-05-11 00:00:00', 70, 71, 71, 71, 72, 72),
	(256, 0, 8, '2024-05-18 00:00:00', 71, 71, 71, 71, 73, 72),
	(257, 0, 8, '2024-05-25 00:00:00', 71, 72, 71, 72, 73, 73),
	(258, 0, 8, '2024-06-01 00:00:00', 72, 72, 72, 72, 73, 73),
	(259, 0, 8, '2024-06-08 00:00:00', 72, 73, 72, 73, 74, 74),
	(260, 0, 8, '2024-06-15 00:00:00', 73, 73, 73, 73, 75, 74),
	(261, 0, 8, '2024-06-22 00:00:00', 73, 74, 73, 74, 74, 75),
	(262, 0, 8, '2024-06-29 00:00:00', 73, 73, 72, 74, 75, 75),
	(263, 0, 8, '2024-07-06 00:00:00', 73, 74, 72, 74, 74, 74),
	(264, 0, 8, '2024-07-13 00:00:00', 74, 74, 73, 74, 74, 75),
	(265, 0, 8, '2024-07-20 00:00:00', 73, 73, 72, 74, 75, 74),
	(266, 0, 8, '2024-07-27 00:00:00', 74, 75, 73, 75, 75, 75),
	(267, 0, 8, '2024-08-03 00:00:00', 74, 75, 74, 75, 76, 76),
	(268, 0, 8, '2024-08-10 00:00:00', 74, 74, 75, 76, 76, 75),
	(269, 0, 8, '2024-08-17 00:00:00', 75, 76, 74, 76, 76, 76),
	(270, 0, 8, '2024-08-24 00:00:00', 75, 75, 75, 77, 76, 76),
	(271, 0, 8, '2024-08-31 00:00:00', 75, 76, 75, 77, 77, 77),
	(272, 0, 8, '2024-09-07 00:00:00', 76, 76, 75, 78, 77, 77),
	(273, 0, 9, '2024-02-24 00:00:00', 58, 57, 59, 60, 58, 61),
	(274, 0, 9, '2024-03-02 00:00:00', 59, 58, 60, 60, 59, 62),
	(275, 0, 9, '2024-03-09 00:00:00', 60, 58, 60, 61, 59, 62),
	(276, 0, 9, '2024-03-16 00:00:00', 60, 59, 61, 62, 60, 63),
	(277, 0, 9, '2024-03-23 00:00:00', 61, 60, 62, 63, 61, 63),
	(278, 0, 9, '2024-03-30 00:00:00', 61, 61, 63, 63, 61, 64),
	(279, 0, 9, '2024-04-06 00:00:00', 62, 61, 63, 64, 62, 64),
	(280, 0, 9, '2024-04-13 00:00:00', 62, 62, 64, 65, 62, 65),
	(281, 0, 9, '2024-04-20 00:00:00', 63, 62, 64, 65, 63, 66),
	(282, 0, 9, '2024-04-27 00:00:00', 63, 63, 65, 66, 64, 66),
	(283, 0, 9, '2024-05-04 00:00:00', 64, 64, 66, 66, 65, 67),
	(284, 0, 9, '2024-05-11 00:00:00', 64, 64, 66, 67, 66, 68),
	(285, 0, 9, '2024-05-18 00:00:00', 65, 65, 67, 67, 66, 68),
	(286, 0, 9, '2024-05-25 00:00:00', 66, 66, 67, 68, 67, 69),
	(287, 0, 9, '2024-06-01 00:00:00', 66, 67, 68, 68, 68, 70),
	(288, 0, 9, '2024-06-08 00:00:00', 67, 67, 69, 69, 68, 70),
	(289, 0, 9, '2024-06-15 00:00:00', 68, 68, 69, 70, 69, 71),
	(290, 0, 9, '2024-06-22 00:00:00', 68, 69, 70, 71, 70, 71),
	(291, 0, 9, '2024-06-29 00:00:00', 69, 69, 71, 71, 71, 72),
	(292, 0, 9, '2024-07-06 00:00:00', 69, 70, 71, 72, 70, 73),
	(293, 0, 9, '2024-07-13 00:00:00', 70, 70, 72, 72, 71, 73),
	(294, 0, 9, '2024-07-20 00:00:00', 71, 71, 73, 73, 72, 74),
	(295, 0, 9, '2024-07-27 00:00:00', 71, 72, 73, 74, 72, 75),
	(296, 0, 9, '2024-08-03 00:00:00', 72, 72, 74, 74, 73, 74),
	(297, 0, 9, '2024-08-10 00:00:00', 72, 73, 74, 75, 74, 75),
	(298, 0, 9, '2024-08-17 00:00:00', 73, 73, 75, 75, 74, 75),
	(299, 0, 9, '2024-08-24 00:00:00', 74, 74, 76, 76, 75, 76),
	(300, 0, 9, '2024-08-31 00:00:00', 74, 74, 76, 76, 76, 77),
	(301, 0, 9, '2024-09-07 00:00:00', 75, 75, 77, 77, 76, 77),
	(302, 0, 10, '2024-02-24 00:00:00', 61, 62, 60, 63, 61, 64),
	(303, 0, 10, '2024-03-02 00:00:00', 62, 63, 61, 63, 62, 64),
	(304, 0, 10, '2024-03-09 00:00:00', 61, 63, 60, 62, 62, 65),
	(305, 0, 10, '2024-03-16 00:00:00', 63, 62, 61, 65, 63, 64),
	(306, 0, 10, '2024-03-23 00:00:00', 62, 64, 62, 65, 64, 66),
	(307, 0, 10, '2024-03-30 00:00:00', 64, 64, 63, 66, 64, 66),
	(308, 0, 10, '2024-04-06 00:00:00', 64, 65, 63, 66, 65, 67),
	(309, 0, 10, '2024-04-13 00:00:00', 63, 64, 64, 66, 64, 67),
	(310, 0, 10, '2024-04-20 00:00:00', 65, 66, 64, 67, 66, 68),
	(311, 0, 10, '2024-04-27 00:00:00', 64, 65, 65, 67, 65, 68),
	(312, 0, 10, '2024-05-04 00:00:00', 66, 67, 65, 68, 67, 68),
	(313, 0, 10, '2024-05-11 00:00:00', 66, 66, 66, 67, 67, 69),
	(314, 0, 10, '2024-05-18 00:00:00', 67, 68, 66, 69, 68, 69),
	(315, 0, 10, '2024-05-25 00:00:00', 67, 67, 67, 69, 67, 70),
	(316, 0, 10, '2024-06-01 00:00:00', 68, 69, 67, 70, 69, 70),
	(317, 0, 10, '2024-06-08 00:00:00', 68, 68, 68, 70, 68, 71),
	(318, 0, 10, '2024-06-15 00:00:00', 69, 70, 69, 70, 70, 71),
	(319, 0, 10, '2024-06-22 00:00:00', 68, 71, 69, 71, 71, 72),
	(320, 0, 10, '2024-06-29 00:00:00', 70, 71, 70, 71, 71, 72),
	(321, 0, 10, '2024-07-06 00:00:00', 69, 70, 69, 70, 70, 73),
	(322, 0, 10, '2024-07-13 00:00:00', 70, 71, 70, 72, 72, 72),
	(323, 0, 10, '2024-07-20 00:00:00', 71, 72, 71, 71, 73, 73),
	(324, 0, 10, '2024-07-27 00:00:00', 71, 72, 71, 73, 72, 74),
	(325, 0, 10, '2024-08-03 00:00:00', 72, 73, 72, 74, 73, 73),
	(326, 0, 10, '2024-08-10 00:00:00', 72, 72, 73, 74, 74, 74),
	(327, 0, 10, '2024-08-17 00:00:00', 73, 74, 72, 73, 74, 75),
	(328, 0, 10, '2024-08-24 00:00:00', 73, 74, 73, 75, 75, 75),
	(329, 0, 10, '2024-08-31 00:00:00', 74, 75, 74, 75, 75, 76),
	(330, 0, 10, '2024-09-07 00:00:00', 75, 74, 74, 76, 76, 76),
	(331, 0, 11, '2024-02-24 00:00:00', 65, 66, 65, 67, 66, 68),
	(332, 0, 11, '2024-03-02 00:00:00', 65, 66, 66, 67, 67, 68),
	(333, 0, 11, '2024-03-09 00:00:00', 66, 67, 66, 67, 66, 69),
	(334, 0, 11, '2024-03-16 00:00:00', 66, 67, 67, 68, 68, 69),
	(335, 0, 11, '2024-03-23 00:00:00', 67, 68, 67, 68, 67, 69),
	(336, 0, 11, '2024-03-30 00:00:00', 67, 68, 67, 69, 69, 70),
	(337, 0, 11, '2024-04-06 00:00:00', 68, 68, 68, 69, 69, 70),
	(338, 0, 11, '2024-04-13 00:00:00', 68, 69, 69, 69, 70, 71),
	(339, 0, 11, '2024-04-20 00:00:00', 69, 70, 69, 70, 71, 71),
	(340, 0, 11, '2024-04-27 00:00:00', 69, 70, 70, 70, 71, 71),
	(341, 0, 11, '2024-05-04 00:00:00', 70, 70, 70, 71, 71, 72),
	(342, 0, 11, '2024-05-11 00:00:00', 70, 71, 71, 71, 72, 72),
	(343, 0, 11, '2024-05-18 00:00:00', 71, 71, 71, 71, 73, 72),
	(344, 0, 11, '2024-05-25 00:00:00', 71, 72, 71, 72, 73, 73),
	(345, 0, 11, '2024-06-01 00:00:00', 72, 72, 72, 72, 73, 73),
	(346, 0, 11, '2024-06-08 00:00:00', 72, 73, 72, 73, 74, 74),
	(347, 0, 11, '2024-06-15 00:00:00', 73, 73, 73, 73, 75, 74),
	(348, 0, 11, '2024-06-22 00:00:00', 73, 74, 73, 74, 74, 75),
	(349, 0, 11, '2024-06-29 00:00:00', 73, 73, 72, 74, 75, 75),
	(350, 0, 11, '2024-07-06 00:00:00', 73, 74, 72, 74, 74, 74),
	(351, 0, 11, '2024-07-13 00:00:00', 74, 74, 73, 74, 74, 75),
	(352, 0, 11, '2024-07-20 00:00:00', 73, 73, 72, 74, 75, 74),
	(353, 0, 11, '2024-07-27 00:00:00', 74, 75, 73, 75, 75, 75),
	(354, 0, 11, '2024-08-03 00:00:00', 74, 75, 74, 75, 76, 76),
	(355, 0, 11, '2024-08-10 00:00:00', 74, 74, 75, 76, 76, 75),
	(356, 0, 11, '2024-08-17 00:00:00', 75, 76, 74, 76, 76, 76),
	(357, 0, 11, '2024-08-24 00:00:00', 75, 75, 75, 77, 76, 76),
	(358, 0, 11, '2024-08-31 00:00:00', 75, 76, 75, 77, 77, 77),
	(359, 0, 11, '2024-09-07 00:00:00', 76, 76, 75, 78, 77, 77),
	(360, 0, 12, '2024-02-24 00:00:00', 58, 57, 59, 60, 58, 61),
	(361, 0, 12, '2024-03-02 00:00:00', 59, 58, 60, 60, 59, 62),
	(362, 0, 12, '2024-03-09 00:00:00', 60, 58, 60, 61, 59, 62),
	(363, 0, 12, '2024-03-16 00:00:00', 60, 59, 61, 62, 60, 63),
	(364, 0, 12, '2024-03-23 00:00:00', 61, 60, 62, 63, 61, 63),
	(365, 0, 12, '2024-03-30 00:00:00', 61, 61, 63, 63, 61, 64),
	(366, 0, 12, '2024-04-06 00:00:00', 62, 61, 63, 64, 62, 64),
	(367, 0, 12, '2024-04-13 00:00:00', 62, 62, 64, 65, 62, 65),
	(368, 0, 12, '2024-04-20 00:00:00', 63, 62, 64, 65, 63, 66),
	(369, 0, 12, '2024-04-27 00:00:00', 63, 63, 65, 66, 64, 66),
	(370, 0, 12, '2024-05-04 00:00:00', 64, 64, 66, 66, 65, 67),
	(371, 0, 12, '2024-05-11 00:00:00', 64, 64, 66, 67, 66, 68),
	(372, 0, 12, '2024-05-18 00:00:00', 65, 65, 67, 67, 66, 68),
	(373, 0, 12, '2024-05-25 00:00:00', 66, 66, 67, 68, 67, 69),
	(374, 0, 12, '2024-06-01 00:00:00', 66, 67, 68, 68, 68, 70),
	(375, 0, 12, '2024-06-08 00:00:00', 67, 67, 69, 69, 68, 70),
	(376, 0, 12, '2024-06-15 00:00:00', 68, 68, 69, 70, 69, 71),
	(377, 0, 12, '2024-06-22 00:00:00', 68, 69, 70, 71, 70, 71),
	(378, 0, 12, '2024-06-29 00:00:00', 69, 69, 71, 71, 71, 72),
	(379, 0, 12, '2024-07-06 00:00:00', 69, 70, 71, 72, 70, 73),
	(380, 0, 12, '2024-07-13 00:00:00', 70, 70, 72, 72, 71, 73),
	(381, 0, 12, '2024-07-20 00:00:00', 71, 71, 73, 73, 72, 74),
	(382, 0, 12, '2024-07-27 00:00:00', 71, 72, 73, 74, 72, 75),
	(383, 0, 12, '2024-08-03 00:00:00', 72, 72, 74, 74, 73, 74),
	(384, 0, 12, '2024-08-10 00:00:00', 72, 73, 74, 75, 74, 75),
	(385, 0, 12, '2024-08-17 00:00:00', 73, 73, 75, 75, 74, 75),
	(386, 0, 12, '2024-08-24 00:00:00', 74, 74, 76, 76, 75, 76),
	(387, 0, 12, '2024-08-31 00:00:00', 74, 74, 76, 76, 76, 77),
	(388, 0, 12, '2024-09-07 00:00:00', 75, 75, 77, 77, 76, 77),
	(470, 0, 13, '2024-02-24 00:00:00', 61, 62, 60, 63, 61, 64),
	(471, 0, 13, '2024-03-02 00:00:00', 62, 63, 61, 63, 62, 64),
	(472, 0, 13, '2024-03-09 00:00:00', 61, 63, 60, 62, 62, 65),
	(473, 0, 13, '2024-03-16 00:00:00', 63, 62, 61, 65, 63, 64),
	(474, 0, 13, '2024-03-23 00:00:00', 62, 64, 62, 65, 64, 66),
	(475, 0, 13, '2024-03-30 00:00:00', 64, 64, 63, 66, 64, 66),
	(476, 0, 13, '2024-04-06 00:00:00', 64, 65, 63, 66, 65, 67),
	(477, 0, 13, '2024-04-13 00:00:00', 63, 64, 64, 66, 64, 67),
	(478, 0, 13, '2024-04-20 00:00:00', 65, 66, 64, 67, 66, 68),
	(479, 0, 13, '2024-04-27 00:00:00', 64, 65, 65, 67, 65, 68),
	(480, 0, 13, '2024-05-04 00:00:00', 66, 67, 65, 68, 67, 68),
	(481, 0, 13, '2024-05-11 00:00:00', 66, 66, 66, 67, 67, 69),
	(482, 0, 13, '2024-05-18 00:00:00', 67, 68, 66, 69, 68, 69),
	(483, 0, 13, '2024-05-25 00:00:00', 67, 67, 67, 69, 67, 70),
	(484, 0, 13, '2024-06-01 00:00:00', 68, 69, 67, 70, 69, 70),
	(485, 0, 13, '2024-06-08 00:00:00', 68, 68, 68, 70, 68, 71),
	(486, 0, 13, '2024-06-15 00:00:00', 69, 70, 69, 70, 70, 71),
	(487, 0, 13, '2024-06-22 00:00:00', 68, 71, 69, 71, 71, 72),
	(488, 0, 13, '2024-06-29 00:00:00', 70, 71, 70, 71, 71, 72),
	(489, 0, 13, '2024-07-06 00:00:00', 69, 70, 69, 70, 70, 73),
	(490, 0, 13, '2024-07-13 00:00:00', 70, 71, 70, 72, 72, 72),
	(491, 0, 13, '2024-07-20 00:00:00', 71, 72, 71, 71, 73, 73),
	(492, 0, 13, '2024-07-27 00:00:00', 71, 72, 71, 73, 72, 74),
	(493, 0, 13, '2024-08-03 00:00:00', 72, 73, 72, 74, 73, 73),
	(494, 0, 13, '2024-08-10 00:00:00', 72, 72, 73, 74, 74, 74),
	(495, 0, 13, '2024-08-17 00:00:00', 73, 74, 72, 73, 74, 75),
	(496, 0, 13, '2024-08-24 00:00:00', 73, 74, 73, 75, 75, 75),
	(497, 0, 13, '2024-08-31 00:00:00', 74, 75, 74, 75, 75, 76),
	(498, 0, 13, '2024-09-07 00:00:00', 75, 74, 74, 76, 76, 76),
	(499, 0, 14, '2024-02-24 00:00:00', 65, 66, 65, 67, 66, 68),
	(500, 0, 14, '2024-03-02 00:00:00', 65, 66, 66, 67, 67, 68),
	(501, 0, 14, '2024-03-09 00:00:00', 66, 67, 66, 67, 66, 69),
	(502, 0, 14, '2024-03-16 00:00:00', 66, 67, 67, 68, 68, 69),
	(503, 0, 14, '2024-03-23 00:00:00', 67, 68, 67, 68, 67, 69),
	(504, 0, 14, '2024-03-30 00:00:00', 67, 68, 67, 69, 69, 70),
	(505, 0, 14, '2024-04-06 00:00:00', 68, 68, 68, 69, 69, 70),
	(506, 0, 14, '2024-04-13 00:00:00', 68, 69, 69, 69, 70, 71),
	(507, 0, 14, '2024-04-20 00:00:00', 69, 70, 69, 70, 71, 71),
	(508, 0, 14, '2024-04-27 00:00:00', 69, 70, 70, 70, 71, 71),
	(509, 0, 14, '2024-05-04 00:00:00', 70, 70, 70, 71, 71, 72),
	(510, 0, 14, '2024-05-11 00:00:00', 70, 71, 71, 71, 72, 72),
	(511, 0, 14, '2024-05-18 00:00:00', 71, 71, 71, 71, 73, 72),
	(512, 0, 14, '2024-05-25 00:00:00', 71, 72, 71, 72, 73, 73),
	(513, 0, 14, '2024-06-01 00:00:00', 72, 72, 72, 72, 73, 73),
	(514, 0, 14, '2024-06-08 00:00:00', 72, 73, 72, 73, 74, 74),
	(515, 0, 14, '2024-06-15 00:00:00', 73, 73, 73, 73, 75, 74),
	(516, 0, 14, '2024-06-22 00:00:00', 73, 74, 73, 74, 74, 75),
	(517, 0, 14, '2024-06-29 00:00:00', 73, 73, 72, 74, 75, 75),
	(518, 0, 14, '2024-07-06 00:00:00', 73, 74, 72, 74, 74, 74),
	(519, 0, 14, '2024-07-13 00:00:00', 74, 74, 73, 74, 74, 75),
	(520, 0, 14, '2024-07-20 00:00:00', 73, 73, 72, 74, 75, 74),
	(521, 0, 14, '2024-07-27 00:00:00', 74, 75, 73, 75, 75, 75),
	(522, 0, 14, '2024-08-03 00:00:00', 74, 75, 74, 75, 76, 76),
	(523, 0, 14, '2024-08-10 00:00:00', 74, 74, 75, 76, 76, 75),
	(524, 0, 14, '2024-08-17 00:00:00', 75, 76, 74, 76, 76, 76),
	(525, 0, 14, '2024-08-24 00:00:00', 75, 75, 75, 77, 76, 76),
	(526, 0, 14, '2024-08-31 00:00:00', 75, 76, 75, 77, 77, 77),
	(527, 0, 14, '2024-09-07 00:00:00', 76, 76, 75, 78, 77, 77),
	(528, 0, 15, '2024-02-24 00:00:00', 58, 57, 59, 60, 58, 61),
	(529, 0, 15, '2024-03-02 00:00:00', 59, 58, 60, 60, 59, 62),
	(530, 0, 15, '2024-03-09 00:00:00', 60, 58, 60, 61, 59, 62),
	(531, 0, 15, '2024-03-16 00:00:00', 60, 59, 61, 62, 60, 63),
	(532, 0, 15, '2024-03-23 00:00:00', 61, 60, 62, 63, 61, 63),
	(533, 0, 15, '2024-03-30 00:00:00', 61, 61, 63, 63, 61, 64),
	(534, 0, 15, '2024-04-06 00:00:00', 62, 61, 63, 64, 62, 64),
	(535, 0, 15, '2024-04-13 00:00:00', 62, 62, 64, 65, 62, 65),
	(536, 0, 15, '2024-04-20 00:00:00', 63, 62, 64, 65, 63, 66),
	(537, 0, 15, '2024-04-27 00:00:00', 63, 63, 65, 66, 64, 66),
	(538, 0, 15, '2024-05-04 00:00:00', 64, 64, 66, 66, 65, 67),
	(539, 0, 15, '2024-05-11 00:00:00', 64, 64, 66, 67, 66, 68),
	(540, 0, 15, '2024-05-18 00:00:00', 65, 65, 67, 67, 66, 68),
	(541, 0, 15, '2024-05-25 00:00:00', 66, 66, 67, 68, 67, 69),
	(542, 0, 15, '2024-06-01 00:00:00', 66, 67, 68, 68, 68, 70),
	(543, 0, 15, '2024-06-08 00:00:00', 67, 67, 69, 69, 68, 70),
	(544, 0, 15, '2024-06-15 00:00:00', 68, 68, 69, 70, 69, 71),
	(545, 0, 15, '2024-06-22 00:00:00', 68, 69, 70, 71, 70, 71),
	(546, 0, 15, '2024-06-29 00:00:00', 69, 69, 71, 71, 71, 72),
	(547, 0, 15, '2024-07-06 00:00:00', 69, 70, 71, 72, 70, 73),
	(548, 0, 15, '2024-07-13 00:00:00', 70, 70, 72, 72, 71, 73),
	(549, 0, 15, '2024-07-20 00:00:00', 71, 71, 73, 73, 72, 74),
	(550, 0, 15, '2024-07-27 00:00:00', 71, 72, 73, 74, 72, 75),
	(551, 0, 15, '2024-08-03 00:00:00', 72, 72, 74, 74, 73, 74),
	(552, 0, 15, '2024-08-10 00:00:00', 72, 73, 74, 75, 74, 75),
	(553, 0, 15, '2024-08-17 00:00:00', 73, 73, 75, 75, 74, 75),
	(554, 0, 15, '2024-08-24 00:00:00', 74, 74, 76, 76, 75, 76),
	(555, 0, 15, '2024-08-31 00:00:00', 74, 74, 76, 76, 76, 77),
	(556, 0, 15, '2024-09-07 00:00:00', 75, 75, 77, 77, 76, 77),
	(557, 0, 16, '2024-02-24 00:00:00', 61, 62, 60, 63, 61, 64),
	(558, 0, 16, '2024-03-02 00:00:00', 62, 63, 61, 63, 62, 64),
	(559, 0, 16, '2024-03-09 00:00:00', 61, 63, 60, 62, 62, 65),
	(560, 0, 16, '2024-03-16 00:00:00', 63, 62, 61, 65, 63, 64),
	(561, 0, 16, '2024-03-23 00:00:00', 62, 64, 62, 65, 64, 66),
	(562, 0, 16, '2024-03-30 00:00:00', 64, 64, 63, 66, 64, 66),
	(563, 0, 16, '2024-04-06 00:00:00', 64, 65, 63, 66, 65, 67),
	(564, 0, 16, '2024-04-13 00:00:00', 63, 64, 64, 66, 64, 67),
	(565, 0, 16, '2024-04-20 00:00:00', 65, 66, 64, 67, 66, 68),
	(566, 0, 16, '2024-04-27 00:00:00', 64, 65, 65, 67, 65, 68),
	(567, 0, 16, '2024-05-04 00:00:00', 66, 67, 65, 68, 67, 68),
	(568, 0, 16, '2024-05-11 00:00:00', 66, 66, 66, 67, 67, 69),
	(569, 0, 16, '2024-05-18 00:00:00', 67, 68, 66, 69, 68, 69),
	(570, 0, 16, '2024-05-25 00:00:00', 67, 67, 67, 69, 67, 70),
	(571, 0, 16, '2024-06-01 00:00:00', 68, 69, 67, 70, 69, 70),
	(572, 0, 16, '2024-06-08 00:00:00', 68, 68, 68, 70, 68, 71),
	(573, 0, 16, '2024-06-15 00:00:00', 69, 70, 69, 70, 70, 71),
	(574, 0, 16, '2024-06-22 00:00:00', 68, 71, 69, 71, 71, 72),
	(575, 0, 16, '2024-06-29 00:00:00', 70, 71, 70, 71, 71, 72),
	(576, 0, 16, '2024-07-06 00:00:00', 69, 70, 69, 70, 70, 73),
	(577, 0, 16, '2024-07-13 00:00:00', 70, 71, 70, 72, 72, 72),
	(578, 0, 16, '2024-07-20 00:00:00', 71, 72, 71, 71, 73, 73),
	(579, 0, 16, '2024-07-27 00:00:00', 71, 72, 71, 73, 72, 74),
	(580, 0, 16, '2024-08-03 00:00:00', 72, 73, 72, 74, 73, 73),
	(581, 0, 16, '2024-08-10 00:00:00', 72, 72, 73, 74, 74, 74),
	(582, 0, 16, '2024-08-17 00:00:00', 73, 74, 72, 73, 74, 75),
	(583, 0, 16, '2024-08-24 00:00:00', 73, 74, 73, 75, 75, 75),
	(584, 0, 16, '2024-08-31 00:00:00', 74, 75, 74, 75, 75, 76),
	(585, 0, 16, '2024-09-07 00:00:00', 75, 74, 74, 76, 76, 76),
	(586, 0, 17, '2024-02-24 00:00:00', 65, 66, 65, 67, 66, 68),
	(587, 0, 17, '2024-03-02 00:00:00', 65, 66, 66, 67, 67, 68),
	(588, 0, 17, '2024-03-09 00:00:00', 66, 67, 66, 67, 66, 69),
	(589, 0, 17, '2024-03-16 00:00:00', 66, 67, 67, 68, 68, 69),
	(590, 0, 17, '2024-03-23 00:00:00', 67, 68, 67, 68, 67, 69),
	(591, 0, 17, '2024-03-30 00:00:00', 67, 68, 67, 69, 69, 70),
	(592, 0, 17, '2024-04-06 00:00:00', 68, 68, 68, 69, 69, 70),
	(593, 0, 17, '2024-04-13 00:00:00', 68, 69, 69, 69, 70, 71),
	(594, 0, 17, '2024-04-20 00:00:00', 69, 70, 69, 70, 71, 71),
	(595, 0, 17, '2024-04-27 00:00:00', 69, 70, 70, 70, 71, 71),
	(596, 0, 17, '2024-05-04 00:00:00', 70, 70, 70, 71, 71, 72),
	(597, 0, 17, '2024-05-11 00:00:00', 70, 71, 71, 71, 72, 72),
	(598, 0, 17, '2024-05-18 00:00:00', 71, 71, 71, 71, 73, 72),
	(599, 0, 17, '2024-05-25 00:00:00', 71, 72, 71, 72, 73, 73),
	(600, 0, 17, '2024-06-01 00:00:00', 72, 72, 72, 72, 73, 73),
	(601, 0, 17, '2024-06-08 00:00:00', 72, 73, 72, 73, 74, 74),
	(602, 0, 17, '2024-06-15 00:00:00', 73, 73, 73, 73, 75, 74),
	(603, 0, 17, '2024-06-22 00:00:00', 73, 74, 73, 74, 74, 75),
	(604, 0, 17, '2024-06-29 00:00:00', 73, 73, 72, 74, 75, 75),
	(605, 0, 17, '2024-07-06 00:00:00', 73, 74, 72, 74, 74, 74),
	(606, 0, 17, '2024-07-13 00:00:00', 74, 74, 73, 74, 74, 75),
	(607, 0, 17, '2024-07-20 00:00:00', 73, 73, 72, 74, 75, 74),
	(608, 0, 17, '2024-07-27 00:00:00', 74, 75, 73, 75, 75, 75),
	(609, 0, 17, '2024-08-03 00:00:00', 74, 75, 74, 75, 76, 76),
	(610, 0, 17, '2024-08-10 00:00:00', 74, 74, 75, 76, 76, 75),
	(611, 0, 17, '2024-08-17 00:00:00', 75, 76, 74, 76, 76, 76),
	(612, 0, 17, '2024-08-24 00:00:00', 75, 75, 75, 77, 76, 76),
	(613, 0, 17, '2024-08-31 00:00:00', 75, 76, 75, 77, 77, 77),
	(614, 0, 17, '2024-09-07 00:00:00', 76, 76, 75, 78, 77, 77),
	(615, 0, 18, '2024-02-24 00:00:00', 58, 57, 59, 60, 58, 61),
	(616, 0, 18, '2024-03-02 00:00:00', 59, 58, 60, 60, 59, 62),
	(617, 0, 18, '2024-03-09 00:00:00', 60, 58, 60, 61, 59, 62),
	(618, 0, 18, '2024-03-16 00:00:00', 60, 59, 61, 62, 60, 63),
	(619, 0, 18, '2024-03-23 00:00:00', 61, 60, 62, 63, 61, 63),
	(620, 0, 18, '2024-03-30 00:00:00', 61, 61, 63, 63, 61, 64),
	(621, 0, 18, '2024-04-06 00:00:00', 62, 61, 63, 64, 62, 64),
	(622, 0, 18, '2024-04-13 00:00:00', 62, 62, 64, 65, 62, 65),
	(623, 0, 18, '2024-04-20 00:00:00', 63, 62, 64, 65, 63, 66),
	(624, 0, 18, '2024-04-27 00:00:00', 63, 63, 65, 66, 64, 66),
	(625, 0, 18, '2024-05-04 00:00:00', 64, 64, 66, 66, 65, 67),
	(626, 0, 18, '2024-05-11 00:00:00', 64, 64, 66, 67, 66, 68),
	(627, 0, 18, '2024-05-18 00:00:00', 65, 65, 67, 67, 66, 68),
	(628, 0, 18, '2024-05-25 00:00:00', 66, 66, 67, 68, 67, 69),
	(629, 0, 18, '2024-06-01 00:00:00', 66, 67, 68, 68, 68, 70),
	(630, 0, 18, '2024-06-08 00:00:00', 67, 67, 69, 69, 68, 70),
	(631, 0, 18, '2024-06-15 00:00:00', 68, 68, 69, 70, 69, 71),
	(632, 0, 18, '2024-06-22 00:00:00', 68, 69, 70, 71, 70, 71),
	(633, 0, 18, '2024-06-29 00:00:00', 69, 69, 71, 71, 71, 72),
	(634, 0, 18, '2024-07-06 00:00:00', 69, 70, 71, 72, 70, 73),
	(635, 0, 18, '2024-07-13 00:00:00', 70, 70, 72, 72, 71, 73),
	(636, 0, 18, '2024-07-20 00:00:00', 71, 71, 73, 73, 72, 74),
	(637, 0, 18, '2024-07-27 00:00:00', 71, 72, 73, 74, 72, 75),
	(638, 0, 18, '2024-08-03 00:00:00', 72, 72, 74, 74, 73, 74),
	(639, 0, 18, '2024-08-10 00:00:00', 72, 73, 74, 75, 74, 75),
	(640, 0, 18, '2024-08-17 00:00:00', 73, 73, 75, 75, 74, 75),
	(641, 0, 18, '2024-08-24 00:00:00', 74, 74, 76, 76, 75, 76),
	(642, 0, 18, '2024-08-31 00:00:00', 74, 74, 76, 76, 76, 77),
	(643, 0, 18, '2024-09-07 00:00:00', 75, 75, 77, 77, 76, 77),
	(644, 0, 19, '2024-02-24 00:00:00', 61, 62, 60, 63, 61, 64),
	(645, 0, 19, '2024-03-02 00:00:00', 62, 63, 61, 63, 62, 64),
	(646, 0, 19, '2024-03-09 00:00:00', 61, 63, 60, 62, 62, 65),
	(647, 0, 19, '2024-03-16 00:00:00', 63, 62, 61, 65, 63, 64),
	(648, 0, 19, '2024-03-23 00:00:00', 62, 64, 62, 65, 64, 66),
	(649, 0, 19, '2024-03-30 00:00:00', 64, 64, 63, 66, 64, 66),
	(650, 0, 19, '2024-04-06 00:00:00', 64, 65, 63, 66, 65, 67),
	(651, 0, 19, '2024-04-13 00:00:00', 63, 64, 64, 66, 64, 67),
	(652, 0, 19, '2024-04-20 00:00:00', 65, 66, 64, 67, 66, 68),
	(653, 0, 19, '2024-04-27 00:00:00', 64, 65, 65, 67, 65, 68),
	(654, 0, 19, '2024-05-04 00:00:00', 66, 67, 65, 68, 67, 68),
	(655, 0, 19, '2024-05-11 00:00:00', 66, 66, 66, 67, 67, 69),
	(656, 0, 19, '2024-05-18 00:00:00', 67, 68, 66, 69, 68, 69),
	(657, 0, 19, '2024-05-25 00:00:00', 67, 67, 67, 69, 67, 70),
	(658, 0, 19, '2024-06-01 00:00:00', 68, 69, 67, 70, 69, 70),
	(659, 0, 19, '2024-06-08 00:00:00', 68, 68, 68, 70, 68, 71),
	(660, 0, 19, '2024-06-15 00:00:00', 69, 70, 69, 70, 70, 71),
	(661, 0, 19, '2024-06-22 00:00:00', 68, 71, 69, 71, 71, 72),
	(662, 0, 19, '2024-06-29 00:00:00', 70, 71, 70, 71, 71, 72),
	(663, 0, 19, '2024-07-06 00:00:00', 69, 70, 69, 70, 70, 73),
	(664, 0, 19, '2024-07-13 00:00:00', 70, 71, 70, 72, 72, 72),
	(665, 0, 19, '2024-07-20 00:00:00', 71, 72, 71, 71, 73, 73),
	(666, 0, 19, '2024-07-27 00:00:00', 71, 72, 71, 73, 72, 74),
	(667, 0, 19, '2024-08-03 00:00:00', 72, 73, 72, 74, 73, 73),
	(668, 0, 19, '2024-08-10 00:00:00', 72, 72, 73, 74, 74, 74),
	(669, 0, 19, '2024-08-17 00:00:00', 73, 74, 72, 73, 74, 75),
	(670, 0, 19, '2024-08-24 00:00:00', 73, 74, 73, 75, 75, 75),
	(671, 0, 19, '2024-08-31 00:00:00', 74, 75, 74, 75, 75, 76),
	(672, 0, 19, '2024-09-07 00:00:00', 75, 74, 74, 76, 76, 76),
	(673, 0, 20, '2024-02-24 00:00:00', 65, 66, 65, 67, 66, 68),
	(674, 0, 20, '2024-03-02 00:00:00', 65, 66, 66, 67, 67, 68),
	(675, 0, 20, '2024-03-09 00:00:00', 66, 67, 66, 67, 66, 69),
	(676, 0, 20, '2024-03-16 00:00:00', 66, 67, 67, 68, 68, 69),
	(677, 0, 20, '2024-03-23 00:00:00', 67, 68, 67, 68, 67, 69),
	(678, 0, 20, '2024-03-30 00:00:00', 67, 68, 67, 69, 69, 70),
	(679, 0, 20, '2024-04-06 00:00:00', 68, 68, 68, 69, 69, 70),
	(680, 0, 20, '2024-04-13 00:00:00', 68, 69, 69, 69, 70, 71),
	(681, 0, 20, '2024-04-20 00:00:00', 69, 70, 69, 70, 71, 71),
	(682, 0, 20, '2024-04-27 00:00:00', 69, 70, 70, 70, 71, 71),
	(683, 0, 20, '2024-05-04 00:00:00', 70, 70, 70, 71, 71, 72),
	(684, 0, 20, '2024-05-11 00:00:00', 70, 71, 71, 71, 72, 72),
	(685, 0, 20, '2024-05-18 00:00:00', 71, 71, 71, 71, 73, 72),
	(686, 0, 20, '2024-05-25 00:00:00', 71, 72, 71, 72, 73, 73),
	(687, 0, 20, '2024-06-01 00:00:00', 72, 72, 72, 72, 73, 73),
	(688, 0, 20, '2024-06-08 00:00:00', 72, 73, 72, 73, 74, 74),
	(689, 0, 20, '2024-06-15 00:00:00', 73, 73, 73, 73, 75, 74),
	(690, 0, 20, '2024-06-22 00:00:00', 73, 74, 73, 74, 74, 75),
	(691, 0, 20, '2024-06-29 00:00:00', 73, 73, 72, 74, 75, 75),
	(692, 0, 20, '2024-07-06 00:00:00', 73, 74, 72, 74, 74, 74),
	(693, 0, 20, '2024-07-13 00:00:00', 74, 74, 73, 74, 74, 75),
	(694, 0, 20, '2024-07-20 00:00:00', 73, 73, 72, 74, 75, 74),
	(695, 0, 20, '2024-07-27 00:00:00', 74, 75, 73, 75, 75, 75),
	(696, 0, 20, '2024-08-03 00:00:00', 74, 75, 74, 75, 76, 76),
	(697, 0, 20, '2024-08-10 00:00:00', 74, 74, 75, 76, 76, 75),
	(698, 0, 20, '2024-08-17 00:00:00', 75, 76, 74, 76, 76, 76),
	(699, 0, 20, '2024-08-24 00:00:00', 75, 75, 75, 77, 76, 76),
	(700, 0, 20, '2024-08-31 00:00:00', 75, 76, 75, 77, 77, 77),
	(701, 0, 20, '2024-09-07 00:00:00', 76, 76, 75, 78, 77, 77),
	(702, 0, 21, '2024-02-24 00:00:00', 58, 57, 59, 60, 58, 61),
	(703, 0, 21, '2024-03-02 00:00:00', 59, 58, 60, 60, 59, 62),
	(704, 0, 21, '2024-03-09 00:00:00', 60, 58, 60, 61, 59, 62),
	(705, 0, 21, '2024-03-16 00:00:00', 60, 59, 61, 62, 60, 63),
	(706, 0, 21, '2024-03-23 00:00:00', 61, 60, 62, 63, 61, 63),
	(707, 0, 21, '2024-03-30 00:00:00', 61, 61, 63, 63, 61, 64),
	(708, 0, 21, '2024-04-06 00:00:00', 62, 61, 63, 64, 62, 64),
	(709, 0, 21, '2024-04-13 00:00:00', 62, 62, 64, 65, 62, 65),
	(710, 0, 21, '2024-04-20 00:00:00', 63, 62, 64, 65, 63, 66),
	(711, 0, 21, '2024-04-27 00:00:00', 63, 63, 65, 66, 64, 66),
	(712, 0, 21, '2024-05-04 00:00:00', 64, 64, 66, 66, 65, 67),
	(713, 0, 21, '2024-05-11 00:00:00', 64, 64, 66, 67, 66, 68),
	(714, 0, 21, '2024-05-18 00:00:00', 65, 65, 67, 67, 66, 68),
	(715, 0, 21, '2024-05-25 00:00:00', 66, 66, 67, 68, 67, 69),
	(716, 0, 21, '2024-06-01 00:00:00', 66, 67, 68, 68, 68, 70),
	(717, 0, 21, '2024-06-08 00:00:00', 67, 67, 69, 69, 68, 70),
	(718, 0, 21, '2024-06-15 00:00:00', 68, 68, 69, 70, 69, 71),
	(719, 0, 21, '2024-06-22 00:00:00', 68, 69, 70, 71, 70, 71),
	(720, 0, 21, '2024-06-29 00:00:00', 69, 69, 71, 71, 71, 72),
	(721, 0, 21, '2024-07-06 00:00:00', 69, 70, 71, 72, 70, 73),
	(722, 0, 21, '2024-07-13 00:00:00', 70, 70, 72, 72, 71, 73),
	(723, 0, 21, '2024-07-20 00:00:00', 71, 71, 73, 73, 72, 74),
	(724, 0, 21, '2024-07-27 00:00:00', 71, 72, 73, 74, 72, 75),
	(725, 0, 21, '2024-08-03 00:00:00', 72, 72, 74, 74, 73, 74),
	(726, 0, 21, '2024-08-10 00:00:00', 72, 73, 74, 75, 74, 75),
	(727, 0, 21, '2024-08-17 00:00:00', 73, 73, 75, 75, 74, 75),
	(728, 0, 21, '2024-08-24 00:00:00', 74, 74, 76, 76, 75, 76),
	(729, 0, 21, '2024-08-31 00:00:00', 74, 74, 76, 76, 76, 77),
	(730, 0, 21, '2024-09-07 00:00:00', 75, 75, 77, 77, 76, 77),
	(731, 0, 22, '2024-02-24 00:00:00', 61, 62, 60, 63, 61, 64),
	(732, 0, 22, '2024-03-02 00:00:00', 62, 63, 61, 63, 62, 64),
	(733, 0, 22, '2024-03-09 00:00:00', 61, 63, 60, 62, 62, 65),
	(734, 0, 22, '2024-03-16 00:00:00', 63, 62, 61, 65, 63, 64),
	(735, 0, 22, '2024-03-23 00:00:00', 62, 64, 62, 65, 64, 66),
	(736, 0, 22, '2024-03-30 00:00:00', 64, 64, 63, 66, 64, 66),
	(737, 0, 22, '2024-04-06 00:00:00', 64, 65, 63, 66, 65, 67),
	(738, 0, 22, '2024-04-13 00:00:00', 63, 64, 64, 66, 64, 67),
	(739, 0, 22, '2024-04-20 00:00:00', 65, 66, 64, 67, 66, 68),
	(740, 0, 22, '2024-04-27 00:00:00', 64, 65, 65, 67, 65, 68),
	(741, 0, 22, '2024-05-04 00:00:00', 66, 67, 65, 68, 67, 68),
	(742, 0, 22, '2024-05-11 00:00:00', 66, 66, 66, 67, 67, 69),
	(743, 0, 22, '2024-05-18 00:00:00', 67, 68, 66, 69, 68, 69),
	(744, 0, 22, '2024-05-25 00:00:00', 67, 67, 67, 69, 67, 70),
	(745, 0, 22, '2024-06-01 00:00:00', 68, 69, 67, 70, 69, 70),
	(746, 0, 22, '2024-06-08 00:00:00', 68, 68, 68, 70, 68, 71),
	(747, 0, 22, '2024-06-15 00:00:00', 69, 70, 69, 70, 70, 71),
	(748, 0, 22, '2024-06-22 00:00:00', 68, 71, 69, 71, 71, 72),
	(749, 0, 22, '2024-06-29 00:00:00', 70, 71, 70, 71, 71, 72),
	(750, 0, 22, '2024-07-06 00:00:00', 69, 70, 69, 70, 70, 73),
	(751, 0, 22, '2024-07-13 00:00:00', 70, 71, 70, 72, 72, 72),
	(752, 0, 22, '2024-07-20 00:00:00', 71, 72, 71, 71, 73, 73),
	(753, 0, 22, '2024-07-27 00:00:00', 71, 72, 71, 73, 72, 74),
	(754, 0, 22, '2024-08-03 00:00:00', 72, 73, 72, 74, 73, 73),
	(755, 0, 22, '2024-08-10 00:00:00', 72, 72, 73, 74, 74, 74),
	(756, 0, 22, '2024-08-17 00:00:00', 73, 74, 72, 73, 74, 75),
	(757, 0, 22, '2024-08-24 00:00:00', 73, 74, 73, 75, 75, 75),
	(758, 0, 22, '2024-08-31 00:00:00', 74, 75, 74, 75, 75, 76),
	(759, 0, 22, '2024-09-07 00:00:00', 75, 74, 74, 76, 76, 76),
	(760, 0, 23, '2024-02-24 00:00:00', 65, 66, 65, 67, 66, 68),
	(761, 0, 23, '2024-03-02 00:00:00', 65, 66, 66, 67, 67, 68),
	(762, 0, 23, '2024-03-09 00:00:00', 66, 67, 66, 67, 66, 69),
	(763, 0, 23, '2024-03-16 00:00:00', 66, 67, 67, 68, 68, 69),
	(764, 0, 23, '2024-03-23 00:00:00', 67, 68, 67, 68, 67, 69),
	(765, 0, 23, '2024-03-30 00:00:00', 67, 68, 67, 69, 69, 70),
	(766, 0, 23, '2024-04-06 00:00:00', 68, 68, 68, 69, 69, 70),
	(767, 0, 23, '2024-04-13 00:00:00', 68, 69, 69, 69, 70, 71),
	(768, 0, 23, '2024-04-20 00:00:00', 69, 70, 69, 70, 71, 71),
	(769, 0, 23, '2024-04-27 00:00:00', 69, 70, 70, 70, 71, 71),
	(770, 0, 23, '2024-05-04 00:00:00', 70, 70, 70, 71, 71, 72),
	(771, 0, 23, '2024-05-11 00:00:00', 70, 71, 71, 71, 72, 72),
	(772, 0, 23, '2024-05-18 00:00:00', 71, 71, 71, 71, 73, 72),
	(773, 0, 23, '2024-05-25 00:00:00', 71, 72, 71, 72, 73, 73),
	(774, 0, 23, '2024-06-01 00:00:00', 72, 72, 72, 72, 73, 73),
	(775, 0, 23, '2024-06-08 00:00:00', 72, 73, 72, 73, 74, 74),
	(776, 0, 23, '2024-06-15 00:00:00', 73, 73, 73, 73, 75, 74),
	(777, 0, 23, '2024-06-22 00:00:00', 73, 74, 73, 74, 74, 75),
	(778, 0, 23, '2024-06-29 00:00:00', 73, 73, 72, 74, 75, 75),
	(779, 0, 23, '2024-07-06 00:00:00', 73, 74, 72, 74, 74, 74),
	(780, 0, 23, '2024-07-13 00:00:00', 74, 74, 73, 74, 74, 75),
	(781, 0, 23, '2024-07-20 00:00:00', 73, 73, 72, 74, 75, 74),
	(782, 0, 23, '2024-07-27 00:00:00', 74, 75, 73, 75, 75, 75),
	(783, 0, 23, '2024-08-03 00:00:00', 74, 75, 74, 75, 76, 76),
	(784, 0, 23, '2024-08-10 00:00:00', 74, 74, 75, 76, 76, 75),
	(785, 0, 23, '2024-08-17 00:00:00', 75, 76, 74, 76, 76, 76),
	(786, 0, 23, '2024-08-24 00:00:00', 75, 75, 75, 77, 76, 76),
	(787, 0, 23, '2024-08-31 00:00:00', 75, 76, 75, 77, 77, 77),
	(788, 0, 23, '2024-09-07 00:00:00', 76, 76, 75, 78, 77, 77),
	(789, 0, 24, '2024-02-24 00:00:00', 58, 57, 59, 60, 58, 61),
	(790, 0, 24, '2024-03-02 00:00:00', 59, 58, 60, 60, 59, 62),
	(791, 0, 24, '2024-03-09 00:00:00', 60, 58, 60, 61, 59, 62),
	(792, 0, 24, '2024-03-16 00:00:00', 60, 59, 61, 62, 60, 63),
	(793, 0, 24, '2024-03-23 00:00:00', 61, 60, 62, 63, 61, 63),
	(794, 0, 24, '2024-03-30 00:00:00', 61, 61, 63, 63, 61, 64),
	(795, 0, 24, '2024-04-06 00:00:00', 62, 61, 63, 64, 62, 64),
	(796, 0, 24, '2024-04-13 00:00:00', 62, 62, 64, 65, 62, 65),
	(797, 0, 24, '2024-04-20 00:00:00', 63, 62, 64, 65, 63, 66),
	(798, 0, 24, '2024-04-27 00:00:00', 63, 63, 65, 66, 64, 66),
	(799, 0, 24, '2024-05-04 00:00:00', 64, 64, 66, 66, 65, 67),
	(800, 0, 24, '2024-05-11 00:00:00', 64, 64, 66, 67, 66, 68),
	(801, 0, 24, '2024-05-18 00:00:00', 65, 65, 67, 67, 66, 68),
	(802, 0, 24, '2024-05-25 00:00:00', 66, 66, 67, 68, 67, 69),
	(803, 0, 24, '2024-06-01 00:00:00', 66, 67, 68, 68, 68, 70),
	(804, 0, 24, '2024-06-08 00:00:00', 67, 67, 69, 69, 68, 70),
	(805, 0, 24, '2024-06-15 00:00:00', 68, 68, 69, 70, 69, 71),
	(806, 0, 24, '2024-06-22 00:00:00', 68, 69, 70, 71, 70, 71),
	(807, 0, 24, '2024-06-29 00:00:00', 69, 69, 71, 71, 71, 72),
	(808, 0, 24, '2024-07-06 00:00:00', 69, 70, 71, 72, 70, 73),
	(809, 0, 24, '2024-07-13 00:00:00', 70, 70, 72, 72, 71, 73),
	(810, 0, 24, '2024-07-20 00:00:00', 71, 71, 73, 73, 72, 74),
	(811, 0, 24, '2024-07-27 00:00:00', 71, 72, 73, 74, 72, 75),
	(812, 0, 24, '2024-08-03 00:00:00', 72, 72, 74, 74, 73, 74),
	(813, 0, 24, '2024-08-10 00:00:00', 72, 73, 74, 75, 74, 75),
	(814, 0, 24, '2024-08-17 00:00:00', 73, 73, 75, 75, 74, 75),
	(815, 0, 24, '2024-08-24 00:00:00', 74, 74, 76, 76, 75, 76),
	(816, 0, 24, '2024-08-31 00:00:00', 74, 74, 76, 76, 76, 77),
	(817, 0, 24, '2024-09-07 00:00:00', 75, 75, 77, 77, 76, 77),
	(981, 0, 25, '2024-02-24 00:00:00', 61, 62, 60, 63, 61, 64),
	(982, 0, 25, '2024-03-02 00:00:00', 62, 63, 61, 63, 62, 64),
	(983, 0, 25, '2024-03-09 00:00:00', 61, 63, 60, 62, 62, 65),
	(984, 0, 25, '2024-03-16 00:00:00', 63, 62, 61, 65, 63, 64),
	(985, 0, 25, '2024-03-23 00:00:00', 62, 64, 62, 65, 64, 66),
	(986, 0, 25, '2024-03-30 00:00:00', 64, 64, 63, 66, 64, 66),
	(987, 0, 25, '2024-04-06 00:00:00', 64, 65, 63, 66, 65, 67),
	(988, 0, 25, '2024-04-13 00:00:00', 63, 64, 64, 66, 64, 67),
	(989, 0, 25, '2024-04-20 00:00:00', 65, 66, 64, 67, 66, 68),
	(990, 0, 25, '2024-04-27 00:00:00', 64, 65, 65, 67, 65, 68),
	(991, 0, 25, '2024-05-04 00:00:00', 66, 67, 65, 68, 67, 68),
	(992, 0, 25, '2024-05-11 00:00:00', 66, 66, 66, 67, 67, 69),
	(993, 0, 25, '2024-05-18 00:00:00', 67, 68, 66, 69, 68, 69),
	(994, 0, 25, '2024-05-25 00:00:00', 67, 67, 67, 69, 67, 70),
	(995, 0, 25, '2024-06-01 00:00:00', 68, 69, 67, 70, 69, 70),
	(996, 0, 25, '2024-06-08 00:00:00', 68, 68, 68, 70, 68, 71),
	(997, 0, 25, '2024-06-15 00:00:00', 69, 70, 69, 70, 70, 71),
	(998, 0, 25, '2024-06-22 00:00:00', 68, 71, 69, 71, 71, 72),
	(999, 0, 25, '2024-06-29 00:00:00', 70, 71, 70, 71, 71, 72),
	(1000, 0, 25, '2024-07-06 00:00:00', 69, 70, 69, 70, 70, 73),
	(1001, 0, 25, '2024-07-13 00:00:00', 70, 71, 70, 72, 72, 72),
	(1002, 0, 25, '2024-07-20 00:00:00', 71, 72, 71, 71, 73, 73),
	(1003, 0, 25, '2024-07-27 00:00:00', 71, 72, 71, 73, 72, 74),
	(1004, 0, 25, '2024-08-03 00:00:00', 72, 73, 72, 74, 73, 73),
	(1005, 0, 25, '2024-08-10 00:00:00', 72, 72, 73, 74, 74, 74),
	(1006, 0, 25, '2024-08-17 00:00:00', 73, 74, 72, 73, 74, 75),
	(1007, 0, 25, '2024-08-24 00:00:00', 73, 74, 73, 75, 75, 75),
	(1008, 0, 25, '2024-08-31 00:00:00', 74, 75, 74, 75, 75, 76),
	(1009, 0, 25, '2024-09-07 00:00:00', 75, 74, 74, 76, 76, 76),
	(1010, 0, 26, '2024-02-24 00:00:00', 65, 66, 65, 67, 66, 68),
	(1011, 0, 26, '2024-03-02 00:00:00', 65, 66, 66, 67, 67, 68),
	(1012, 0, 26, '2024-03-09 00:00:00', 66, 67, 66, 67, 66, 69),
	(1013, 0, 26, '2024-03-16 00:00:00', 66, 67, 67, 68, 68, 69),
	(1014, 0, 26, '2024-03-23 00:00:00', 67, 68, 67, 68, 67, 69),
	(1015, 0, 26, '2024-03-30 00:00:00', 67, 68, 67, 69, 69, 70),
	(1016, 0, 26, '2024-04-06 00:00:00', 68, 68, 68, 69, 69, 70),
	(1017, 0, 26, '2024-04-13 00:00:00', 68, 69, 69, 69, 70, 71),
	(1018, 0, 26, '2024-04-20 00:00:00', 69, 70, 69, 70, 71, 71),
	(1019, 0, 26, '2024-04-27 00:00:00', 69, 70, 70, 70, 71, 71),
	(1020, 0, 26, '2024-05-04 00:00:00', 70, 70, 70, 71, 71, 72),
	(1021, 0, 26, '2024-05-11 00:00:00', 70, 71, 71, 71, 72, 72),
	(1022, 0, 26, '2024-05-18 00:00:00', 71, 71, 71, 71, 73, 72),
	(1023, 0, 26, '2024-05-25 00:00:00', 71, 72, 71, 72, 73, 73),
	(1024, 0, 26, '2024-06-01 00:00:00', 72, 72, 72, 72, 73, 73),
	(1025, 0, 26, '2024-06-08 00:00:00', 72, 73, 72, 73, 74, 74),
	(1026, 0, 26, '2024-06-15 00:00:00', 73, 73, 73, 73, 75, 74),
	(1027, 0, 26, '2024-06-22 00:00:00', 73, 74, 73, 74, 74, 75),
	(1028, 0, 26, '2024-06-29 00:00:00', 73, 73, 72, 74, 75, 75),
	(1029, 0, 26, '2024-07-06 00:00:00', 73, 74, 72, 74, 74, 74),
	(1030, 0, 26, '2024-07-13 00:00:00', 74, 74, 73, 74, 74, 75),
	(1031, 0, 26, '2024-07-20 00:00:00', 73, 73, 72, 74, 75, 74),
	(1032, 0, 26, '2024-07-27 00:00:00', 74, 75, 73, 75, 75, 75),
	(1033, 0, 26, '2024-08-03 00:00:00', 74, 75, 74, 75, 76, 76),
	(1034, 0, 26, '2024-08-10 00:00:00', 74, 74, 75, 76, 76, 75),
	(1035, 0, 26, '2024-08-17 00:00:00', 75, 76, 74, 76, 76, 76),
	(1036, 0, 26, '2024-08-24 00:00:00', 75, 75, 75, 77, 76, 76),
	(1037, 0, 26, '2024-08-31 00:00:00', 75, 76, 75, 77, 77, 77),
	(1038, 0, 26, '2024-09-07 00:00:00', 76, 76, 75, 78, 77, 77),
	(1039, 0, 27, '2024-02-24 00:00:00', 58, 57, 59, 60, 58, 61),
	(1040, 0, 27, '2024-03-02 00:00:00', 59, 58, 60, 60, 59, 62),
	(1041, 0, 27, '2024-03-09 00:00:00', 60, 58, 60, 61, 59, 62),
	(1042, 0, 27, '2024-03-16 00:00:00', 60, 59, 61, 62, 60, 63),
	(1043, 0, 27, '2024-03-23 00:00:00', 61, 60, 62, 63, 61, 63),
	(1044, 0, 27, '2024-03-30 00:00:00', 61, 61, 63, 63, 61, 64),
	(1045, 0, 27, '2024-04-06 00:00:00', 62, 61, 63, 64, 62, 64),
	(1046, 0, 27, '2024-04-13 00:00:00', 62, 62, 64, 65, 62, 65),
	(1047, 0, 27, '2024-04-20 00:00:00', 63, 62, 64, 65, 63, 66),
	(1048, 0, 27, '2024-04-27 00:00:00', 63, 63, 65, 66, 64, 66),
	(1049, 0, 27, '2024-05-04 00:00:00', 64, 64, 66, 66, 65, 67),
	(1050, 0, 27, '2024-05-11 00:00:00', 64, 64, 66, 67, 66, 68),
	(1051, 0, 27, '2024-05-18 00:00:00', 65, 65, 67, 67, 66, 68),
	(1052, 0, 27, '2024-05-25 00:00:00', 66, 66, 67, 68, 67, 69),
	(1053, 0, 27, '2024-06-01 00:00:00', 66, 67, 68, 68, 68, 70),
	(1054, 0, 27, '2024-06-08 00:00:00', 67, 67, 69, 69, 68, 70),
	(1055, 0, 27, '2024-06-15 00:00:00', 68, 68, 69, 70, 69, 71),
	(1056, 0, 27, '2024-06-22 00:00:00', 68, 69, 70, 71, 70, 71),
	(1057, 0, 27, '2024-06-29 00:00:00', 69, 69, 71, 71, 71, 72),
	(1058, 0, 27, '2024-07-06 00:00:00', 69, 70, 71, 72, 70, 73),
	(1059, 0, 27, '2024-07-13 00:00:00', 70, 70, 72, 72, 71, 73),
	(1060, 0, 27, '2024-07-20 00:00:00', 71, 71, 73, 73, 72, 74),
	(1061, 0, 27, '2024-07-27 00:00:00', 71, 72, 73, 74, 72, 75),
	(1062, 0, 27, '2024-08-03 00:00:00', 72, 72, 74, 74, 73, 74),
	(1063, 0, 27, '2024-08-10 00:00:00', 72, 73, 74, 75, 74, 75),
	(1064, 0, 27, '2024-08-17 00:00:00', 73, 73, 75, 75, 74, 75),
	(1065, 0, 27, '2024-08-24 00:00:00', 74, 74, 76, 76, 75, 76),
	(1066, 0, 27, '2024-08-31 00:00:00', 74, 74, 76, 76, 76, 77),
	(1067, 0, 27, '2024-09-07 00:00:00', 75, 75, 77, 77, 76, 77),
	(1068, 0, 28, '2024-02-24 00:00:00', 61, 62, 60, 63, 61, 64),
	(1069, 0, 28, '2024-03-02 00:00:00', 62, 63, 61, 63, 62, 64),
	(1070, 0, 28, '2024-03-09 00:00:00', 61, 63, 60, 62, 62, 65),
	(1071, 0, 28, '2024-03-16 00:00:00', 63, 62, 61, 65, 63, 64),
	(1072, 0, 28, '2024-03-23 00:00:00', 62, 64, 62, 65, 64, 66),
	(1073, 0, 28, '2024-03-30 00:00:00', 64, 64, 63, 66, 64, 66),
	(1074, 0, 28, '2024-04-06 00:00:00', 64, 65, 63, 66, 65, 67),
	(1075, 0, 28, '2024-04-13 00:00:00', 63, 64, 64, 66, 64, 67),
	(1076, 0, 28, '2024-04-20 00:00:00', 65, 66, 64, 67, 66, 68),
	(1077, 0, 28, '2024-04-27 00:00:00', 64, 65, 65, 67, 65, 68),
	(1078, 0, 28, '2024-05-04 00:00:00', 66, 67, 65, 68, 67, 68),
	(1079, 0, 28, '2024-05-11 00:00:00', 66, 66, 66, 67, 67, 69),
	(1080, 0, 28, '2024-05-18 00:00:00', 67, 68, 66, 69, 68, 69),
	(1081, 0, 28, '2024-05-25 00:00:00', 67, 67, 67, 69, 67, 70),
	(1082, 0, 28, '2024-06-01 00:00:00', 68, 69, 67, 70, 69, 70),
	(1083, 0, 28, '2024-06-08 00:00:00', 68, 68, 68, 70, 68, 71),
	(1084, 0, 28, '2024-06-15 00:00:00', 69, 70, 69, 70, 70, 71),
	(1085, 0, 28, '2024-06-22 00:00:00', 68, 71, 69, 71, 71, 72),
	(1086, 0, 28, '2024-06-29 00:00:00', 70, 71, 70, 71, 71, 72),
	(1087, 0, 28, '2024-07-06 00:00:00', 69, 70, 69, 70, 70, 73),
	(1088, 0, 28, '2024-07-13 00:00:00', 70, 71, 70, 72, 72, 72),
	(1089, 0, 28, '2024-07-20 00:00:00', 71, 72, 71, 71, 73, 73),
	(1090, 0, 28, '2024-07-27 00:00:00', 71, 72, 71, 73, 72, 74),
	(1091, 0, 28, '2024-08-03 00:00:00', 72, 73, 72, 74, 73, 73),
	(1092, 0, 28, '2024-08-10 00:00:00', 72, 72, 73, 74, 74, 74),
	(1093, 0, 28, '2024-08-17 00:00:00', 73, 74, 72, 73, 74, 75),
	(1094, 0, 28, '2024-08-24 00:00:00', 73, 74, 73, 75, 75, 75),
	(1095, 0, 28, '2024-08-31 00:00:00', 74, 75, 74, 75, 75, 76),
	(1096, 0, 28, '2024-09-07 00:00:00', 75, 74, 74, 76, 76, 76),
	(1097, 0, 29, '2024-02-24 00:00:00', 65, 66, 65, 67, 66, 68),
	(1098, 0, 29, '2024-03-02 00:00:00', 65, 66, 66, 67, 67, 68),
	(1099, 0, 29, '2024-03-09 00:00:00', 66, 67, 66, 67, 66, 69),
	(1100, 0, 29, '2024-03-16 00:00:00', 66, 67, 67, 68, 68, 69),
	(1101, 0, 29, '2024-03-23 00:00:00', 67, 68, 67, 68, 67, 69),
	(1102, 0, 29, '2024-03-30 00:00:00', 67, 68, 67, 69, 69, 70),
	(1103, 0, 29, '2024-04-06 00:00:00', 68, 68, 68, 69, 69, 70),
	(1104, 0, 29, '2024-04-13 00:00:00', 68, 69, 69, 69, 70, 71),
	(1105, 0, 29, '2024-04-20 00:00:00', 69, 70, 69, 70, 71, 71),
	(1106, 0, 29, '2024-04-27 00:00:00', 69, 70, 70, 70, 71, 71),
	(1107, 0, 29, '2024-05-04 00:00:00', 70, 70, 70, 71, 71, 72),
	(1108, 0, 29, '2024-05-11 00:00:00', 70, 71, 71, 71, 72, 72),
	(1109, 0, 29, '2024-05-18 00:00:00', 71, 71, 71, 71, 73, 72),
	(1110, 0, 29, '2024-05-25 00:00:00', 71, 72, 71, 72, 73, 73),
	(1111, 0, 29, '2024-06-01 00:00:00', 72, 72, 72, 72, 73, 73),
	(1112, 0, 29, '2024-06-08 00:00:00', 72, 73, 72, 73, 74, 74),
	(1113, 0, 29, '2024-06-15 00:00:00', 73, 73, 73, 73, 75, 74),
	(1114, 0, 29, '2024-06-22 00:00:00', 73, 74, 73, 74, 74, 75),
	(1115, 0, 29, '2024-06-29 00:00:00', 73, 73, 72, 74, 75, 75),
	(1116, 0, 29, '2024-07-06 00:00:00', 73, 74, 72, 74, 74, 74),
	(1117, 0, 29, '2024-07-13 00:00:00', 74, 74, 73, 74, 74, 75),
	(1118, 0, 29, '2024-07-20 00:00:00', 73, 73, 72, 74, 75, 74),
	(1119, 0, 29, '2024-07-27 00:00:00', 74, 75, 73, 75, 75, 75),
	(1120, 0, 29, '2024-08-03 00:00:00', 74, 75, 74, 75, 76, 76),
	(1121, 0, 29, '2024-08-10 00:00:00', 74, 74, 75, 76, 76, 75),
	(1122, 0, 29, '2024-08-17 00:00:00', 75, 76, 74, 76, 76, 76),
	(1123, 0, 29, '2024-08-24 00:00:00', 75, 75, 75, 77, 76, 76),
	(1124, 0, 29, '2024-08-31 00:00:00', 75, 76, 75, 77, 77, 77),
	(1125, 0, 29, '2024-09-07 00:00:00', 76, 76, 75, 78, 77, 77),
	(1126, 0, 30, '2024-02-24 00:00:00', 58, 57, 59, 60, 58, 61),
	(1127, 0, 30, '2024-03-02 00:00:00', 59, 58, 60, 60, 59, 62),
	(1128, 0, 30, '2024-03-09 00:00:00', 60, 58, 60, 61, 59, 62),
	(1129, 0, 30, '2024-03-16 00:00:00', 60, 59, 61, 62, 60, 63),
	(1130, 0, 30, '2024-03-23 00:00:00', 61, 60, 62, 63, 61, 63),
	(1131, 0, 30, '2024-03-30 00:00:00', 61, 61, 63, 63, 61, 64),
	(1132, 0, 30, '2024-04-06 00:00:00', 62, 61, 63, 64, 62, 64),
	(1133, 0, 30, '2024-04-13 00:00:00', 62, 62, 64, 65, 62, 65),
	(1134, 0, 30, '2024-04-20 00:00:00', 63, 62, 64, 65, 63, 66),
	(1135, 0, 30, '2024-04-27 00:00:00', 63, 63, 65, 66, 64, 66),
	(1136, 0, 30, '2024-05-04 00:00:00', 64, 64, 66, 66, 65, 67),
	(1137, 0, 30, '2024-05-11 00:00:00', 64, 64, 66, 67, 66, 68),
	(1138, 0, 30, '2024-05-18 00:00:00', 65, 65, 67, 67, 66, 68),
	(1139, 0, 30, '2024-05-25 00:00:00', 66, 66, 67, 68, 67, 69),
	(1140, 0, 30, '2024-06-01 00:00:00', 66, 67, 68, 68, 68, 70),
	(1141, 0, 30, '2024-06-08 00:00:00', 67, 67, 69, 69, 68, 70),
	(1142, 0, 30, '2024-06-15 00:00:00', 68, 68, 69, 70, 69, 71),
	(1143, 0, 30, '2024-06-22 00:00:00', 68, 69, 70, 71, 70, 71),
	(1144, 0, 30, '2024-06-29 00:00:00', 69, 69, 71, 71, 71, 72),
	(1145, 0, 30, '2024-07-06 00:00:00', 69, 70, 71, 72, 70, 73),
	(1146, 0, 30, '2024-07-13 00:00:00', 70, 70, 72, 72, 71, 73),
	(1147, 0, 30, '2024-07-20 00:00:00', 71, 71, 73, 73, 72, 74),
	(1148, 0, 30, '2024-07-27 00:00:00', 71, 72, 73, 74, 72, 75),
	(1149, 0, 30, '2024-08-03 00:00:00', 72, 72, 74, 74, 73, 74),
	(1150, 0, 30, '2024-08-10 00:00:00', 72, 73, 74, 75, 74, 75),
	(1151, 0, 30, '2024-08-17 00:00:00', 73, 73, 75, 75, 74, 75),
	(1152, 0, 30, '2024-08-24 00:00:00', 74, 74, 76, 76, 75, 76),
	(1153, 0, 30, '2024-08-31 00:00:00', 74, 74, 76, 76, 76, 77),
	(1154, 0, 30, '2024-09-07 00:00:00', 75, 75, 77, 77, 76, 77),
	(1155, 0, 31, '2024-02-24 00:00:00', 61, 62, 60, 63, 61, 64),
	(1156, 0, 31, '2024-03-02 00:00:00', 62, 63, 61, 63, 62, 64),
	(1157, 0, 31, '2024-03-09 00:00:00', 61, 63, 60, 62, 62, 65),
	(1158, 0, 31, '2024-03-16 00:00:00', 63, 62, 61, 65, 63, 64),
	(1159, 0, 31, '2024-03-23 00:00:00', 62, 64, 62, 65, 64, 66),
	(1160, 0, 31, '2024-03-30 00:00:00', 64, 64, 63, 66, 64, 66),
	(1161, 0, 31, '2024-04-06 00:00:00', 64, 65, 63, 66, 65, 67),
	(1162, 0, 31, '2024-04-13 00:00:00', 63, 64, 64, 66, 64, 67),
	(1163, 0, 31, '2024-04-20 00:00:00', 65, 66, 64, 67, 66, 68),
	(1164, 0, 31, '2024-04-27 00:00:00', 64, 65, 65, 67, 65, 68),
	(1165, 0, 31, '2024-05-04 00:00:00', 66, 67, 65, 68, 67, 68),
	(1166, 0, 31, '2024-05-11 00:00:00', 66, 66, 66, 67, 67, 69),
	(1167, 0, 31, '2024-05-18 00:00:00', 67, 68, 66, 69, 68, 69),
	(1168, 0, 31, '2024-05-25 00:00:00', 67, 67, 67, 69, 67, 70),
	(1169, 0, 31, '2024-06-01 00:00:00', 68, 69, 67, 70, 69, 70),
	(1170, 0, 31, '2024-06-08 00:00:00', 68, 68, 68, 70, 68, 71),
	(1171, 0, 31, '2024-06-15 00:00:00', 69, 70, 69, 70, 70, 71),
	(1172, 0, 31, '2024-06-22 00:00:00', 68, 71, 69, 71, 71, 72),
	(1173, 0, 31, '2024-06-29 00:00:00', 70, 71, 70, 71, 71, 72),
	(1174, 0, 31, '2024-07-06 00:00:00', 69, 70, 69, 70, 70, 73),
	(1175, 0, 31, '2024-07-13 00:00:00', 70, 71, 70, 72, 72, 72),
	(1176, 0, 31, '2024-07-20 00:00:00', 71, 72, 71, 71, 73, 73),
	(1177, 0, 31, '2024-07-27 00:00:00', 71, 72, 71, 73, 72, 74),
	(1178, 0, 31, '2024-08-03 00:00:00', 72, 73, 72, 74, 73, 73),
	(1179, 0, 31, '2024-08-10 00:00:00', 72, 72, 73, 74, 74, 74),
	(1180, 0, 31, '2024-08-17 00:00:00', 73, 74, 72, 73, 74, 75),
	(1181, 0, 31, '2024-08-24 00:00:00', 73, 74, 73, 75, 75, 75),
	(1182, 0, 31, '2024-08-31 00:00:00', 74, 75, 74, 75, 75, 76),
	(1183, 0, 31, '2024-09-07 00:00:00', 75, 74, 74, 76, 76, 76),
	(1184, 0, 32, '2024-02-24 00:00:00', 65, 66, 65, 67, 66, 68),
	(1185, 0, 32, '2024-03-02 00:00:00', 65, 66, 66, 67, 67, 68),
	(1186, 0, 32, '2024-03-09 00:00:00', 66, 67, 66, 67, 66, 69),
	(1187, 0, 32, '2024-03-16 00:00:00', 66, 67, 67, 68, 68, 69),
	(1188, 0, 32, '2024-03-23 00:00:00', 67, 68, 67, 68, 67, 69),
	(1189, 0, 32, '2024-03-30 00:00:00', 67, 68, 67, 69, 69, 70),
	(1190, 0, 32, '2024-04-06 00:00:00', 68, 68, 68, 69, 69, 70),
	(1191, 0, 32, '2024-04-13 00:00:00', 68, 69, 69, 69, 70, 71),
	(1192, 0, 32, '2024-04-20 00:00:00', 69, 70, 69, 70, 71, 71),
	(1193, 0, 32, '2024-04-27 00:00:00', 69, 70, 70, 70, 71, 71),
	(1194, 0, 32, '2024-05-04 00:00:00', 70, 70, 70, 71, 71, 72),
	(1195, 0, 32, '2024-05-11 00:00:00', 70, 71, 71, 71, 72, 72),
	(1196, 0, 32, '2024-05-18 00:00:00', 71, 71, 71, 71, 73, 72),
	(1197, 0, 32, '2024-05-25 00:00:00', 71, 72, 71, 72, 73, 73),
	(1198, 0, 32, '2024-06-01 00:00:00', 72, 72, 72, 72, 73, 73),
	(1199, 0, 32, '2024-06-08 00:00:00', 72, 73, 72, 73, 74, 74),
	(1200, 0, 32, '2024-06-15 00:00:00', 73, 73, 73, 73, 75, 74),
	(1201, 0, 32, '2024-06-22 00:00:00', 73, 74, 73, 74, 74, 75),
	(1202, 0, 32, '2024-06-29 00:00:00', 73, 73, 72, 74, 75, 75),
	(1203, 0, 32, '2024-07-06 00:00:00', 73, 74, 72, 74, 74, 74),
	(1204, 0, 32, '2024-07-13 00:00:00', 74, 74, 73, 74, 74, 75),
	(1205, 0, 32, '2024-07-20 00:00:00', 73, 73, 72, 74, 75, 74),
	(1206, 0, 32, '2024-07-27 00:00:00', 74, 75, 73, 75, 75, 75),
	(1207, 0, 32, '2024-08-03 00:00:00', 74, 75, 74, 75, 76, 76),
	(1208, 0, 32, '2024-08-10 00:00:00', 74, 74, 75, 76, 76, 75),
	(1209, 0, 32, '2024-08-17 00:00:00', 75, 76, 74, 76, 76, 76),
	(1210, 0, 32, '2024-08-24 00:00:00', 75, 75, 75, 77, 76, 76),
	(1211, 0, 32, '2024-08-31 00:00:00', 75, 76, 75, 77, 77, 77),
	(1212, 0, 32, '2024-09-07 00:00:00', 76, 76, 75, 78, 77, 77),
	(1213, 0, 33, '2024-02-24 00:00:00', 58, 57, 59, 60, 58, 61),
	(1214, 0, 33, '2024-03-02 00:00:00', 59, 58, 60, 60, 59, 62),
	(1215, 0, 33, '2024-03-09 00:00:00', 60, 58, 60, 61, 59, 62),
	(1216, 0, 33, '2024-03-16 00:00:00', 60, 59, 61, 62, 60, 63),
	(1217, 0, 33, '2024-03-23 00:00:00', 61, 60, 62, 63, 61, 63),
	(1218, 0, 33, '2024-03-30 00:00:00', 61, 61, 63, 63, 61, 64),
	(1219, 0, 33, '2024-04-06 00:00:00', 62, 61, 63, 64, 62, 64),
	(1220, 0, 33, '2024-04-13 00:00:00', 62, 62, 64, 65, 62, 65),
	(1221, 0, 33, '2024-04-20 00:00:00', 63, 62, 64, 65, 63, 66),
	(1222, 0, 33, '2024-04-27 00:00:00', 63, 63, 65, 66, 64, 66),
	(1223, 0, 33, '2024-05-04 00:00:00', 64, 64, 66, 66, 65, 67),
	(1224, 0, 33, '2024-05-11 00:00:00', 64, 64, 66, 67, 66, 68),
	(1225, 0, 33, '2024-05-18 00:00:00', 65, 65, 67, 67, 66, 68),
	(1226, 0, 33, '2024-05-25 00:00:00', 66, 66, 67, 68, 67, 69),
	(1227, 0, 33, '2024-06-01 00:00:00', 66, 67, 68, 68, 68, 70),
	(1228, 0, 33, '2024-06-08 00:00:00', 67, 67, 69, 69, 68, 70),
	(1229, 0, 33, '2024-06-15 00:00:00', 68, 68, 69, 70, 69, 71),
	(1230, 0, 33, '2024-06-22 00:00:00', 68, 69, 70, 71, 70, 71),
	(1231, 0, 33, '2024-06-29 00:00:00', 69, 69, 71, 71, 71, 72),
	(1232, 0, 33, '2024-07-06 00:00:00', 69, 70, 71, 72, 70, 73),
	(1233, 0, 33, '2024-07-13 00:00:00', 70, 70, 72, 72, 71, 73),
	(1234, 0, 33, '2024-07-20 00:00:00', 71, 71, 73, 73, 72, 74),
	(1235, 0, 33, '2024-07-27 00:00:00', 71, 72, 73, 74, 72, 75),
	(1236, 0, 33, '2024-08-03 00:00:00', 72, 72, 74, 74, 73, 74),
	(1237, 0, 33, '2024-08-10 00:00:00', 72, 73, 74, 75, 74, 75),
	(1238, 0, 33, '2024-08-17 00:00:00', 73, 73, 75, 75, 74, 75),
	(1239, 0, 33, '2024-08-24 00:00:00', 74, 74, 76, 76, 75, 76),
	(1240, 0, 33, '2024-08-31 00:00:00', 74, 74, 76, 76, 76, 77),
	(1241, 0, 33, '2024-09-07 00:00:00', 75, 75, 77, 77, 76, 77),
	(1242, 0, 34, '2024-02-24 00:00:00', 61, 62, 60, 63, 61, 64),
	(1243, 0, 34, '2024-03-02 00:00:00', 62, 63, 61, 63, 62, 64),
	(1244, 0, 34, '2024-03-09 00:00:00', 61, 63, 60, 62, 62, 65),
	(1245, 0, 34, '2024-03-16 00:00:00', 63, 62, 61, 65, 63, 64),
	(1246, 0, 34, '2024-03-23 00:00:00', 62, 64, 62, 65, 64, 66),
	(1247, 0, 34, '2024-03-30 00:00:00', 64, 64, 63, 66, 64, 66),
	(1248, 0, 34, '2024-04-06 00:00:00', 64, 65, 63, 66, 65, 67),
	(1249, 0, 34, '2024-04-13 00:00:00', 63, 64, 64, 66, 64, 67),
	(1250, 0, 34, '2024-04-20 00:00:00', 65, 66, 64, 67, 66, 68),
	(1251, 0, 34, '2024-04-27 00:00:00', 64, 65, 65, 67, 65, 68),
	(1252, 0, 34, '2024-05-04 00:00:00', 66, 67, 65, 68, 67, 68),
	(1253, 0, 34, '2024-05-11 00:00:00', 66, 66, 66, 67, 67, 69),
	(1254, 0, 34, '2024-05-18 00:00:00', 67, 68, 66, 69, 68, 69),
	(1255, 0, 34, '2024-05-25 00:00:00', 67, 67, 67, 69, 67, 70),
	(1256, 0, 34, '2024-06-01 00:00:00', 68, 69, 67, 70, 69, 70),
	(1257, 0, 34, '2024-06-08 00:00:00', 68, 68, 68, 70, 68, 71),
	(1258, 0, 34, '2024-06-15 00:00:00', 69, 70, 69, 70, 70, 71),
	(1259, 0, 34, '2024-06-22 00:00:00', 68, 71, 69, 71, 71, 72),
	(1260, 0, 34, '2024-06-29 00:00:00', 70, 71, 70, 71, 71, 72),
	(1261, 0, 34, '2024-07-06 00:00:00', 69, 70, 69, 70, 70, 73),
	(1262, 0, 34, '2024-07-13 00:00:00', 70, 71, 70, 72, 72, 72),
	(1263, 0, 34, '2024-07-20 00:00:00', 71, 72, 71, 71, 73, 73),
	(1264, 0, 34, '2024-07-27 00:00:00', 71, 72, 71, 73, 72, 74),
	(1265, 0, 34, '2024-08-03 00:00:00', 72, 73, 72, 74, 73, 73),
	(1266, 0, 34, '2024-08-10 00:00:00', 72, 72, 73, 74, 74, 74),
	(1267, 0, 34, '2024-08-17 00:00:00', 73, 74, 72, 73, 74, 75),
	(1268, 0, 34, '2024-08-24 00:00:00', 73, 74, 73, 75, 75, 75),
	(1269, 0, 34, '2024-08-31 00:00:00', 74, 75, 74, 75, 75, 76),
	(1270, 0, 34, '2024-09-07 00:00:00', 75, 74, 74, 76, 76, 76),
	(1271, 0, 35, '2024-02-24 00:00:00', 65, 66, 65, 67, 66, 68),
	(1272, 0, 35, '2024-03-02 00:00:00', 65, 66, 66, 67, 67, 68),
	(1273, 0, 35, '2024-03-09 00:00:00', 66, 67, 66, 67, 66, 69),
	(1274, 0, 35, '2024-03-16 00:00:00', 66, 67, 67, 68, 68, 69),
	(1275, 0, 35, '2024-03-23 00:00:00', 67, 68, 67, 68, 67, 69),
	(1276, 0, 35, '2024-03-30 00:00:00', 67, 68, 67, 69, 69, 70),
	(1277, 0, 35, '2024-04-06 00:00:00', 68, 68, 68, 69, 69, 70),
	(1278, 0, 35, '2024-04-13 00:00:00', 68, 69, 69, 69, 70, 71),
	(1279, 0, 35, '2024-04-20 00:00:00', 69, 70, 69, 70, 71, 71),
	(1280, 0, 35, '2024-04-27 00:00:00', 69, 70, 70, 70, 71, 71),
	(1281, 0, 35, '2024-05-04 00:00:00', 70, 70, 70, 71, 71, 72),
	(1282, 0, 35, '2024-05-11 00:00:00', 70, 71, 71, 71, 72, 72),
	(1283, 0, 35, '2024-05-18 00:00:00', 71, 71, 71, 71, 73, 72),
	(1284, 0, 35, '2024-05-25 00:00:00', 71, 72, 71, 72, 73, 73),
	(1285, 0, 35, '2024-06-01 00:00:00', 72, 72, 72, 72, 73, 73),
	(1286, 0, 35, '2024-06-08 00:00:00', 72, 73, 72, 73, 74, 74),
	(1287, 0, 35, '2024-06-15 00:00:00', 73, 73, 73, 73, 75, 74),
	(1288, 0, 35, '2024-06-22 00:00:00', 73, 74, 73, 74, 74, 75),
	(1289, 0, 35, '2024-06-29 00:00:00', 73, 73, 72, 74, 75, 75),
	(1290, 0, 35, '2024-07-06 00:00:00', 73, 74, 72, 74, 74, 74),
	(1291, 0, 35, '2024-07-13 00:00:00', 74, 74, 73, 74, 74, 75),
	(1292, 0, 35, '2024-07-20 00:00:00', 73, 73, 72, 74, 75, 74),
	(1293, 0, 35, '2024-07-27 00:00:00', 74, 75, 73, 75, 75, 75),
	(1294, 0, 35, '2024-08-03 00:00:00', 74, 75, 74, 75, 76, 76),
	(1295, 0, 35, '2024-08-10 00:00:00', 74, 74, 75, 76, 76, 75),
	(1296, 0, 35, '2024-08-17 00:00:00', 75, 76, 74, 76, 76, 76),
	(1297, 0, 35, '2024-08-24 00:00:00', 75, 75, 75, 77, 76, 76),
	(1298, 0, 35, '2024-08-31 00:00:00', 75, 76, 75, 77, 77, 77),
	(1299, 0, 35, '2024-09-07 00:00:00', 76, 76, 75, 78, 77, 77),
	(2130, 0, 36, '2024-02-24 00:00:00', 61, 62, 60, 63, 61, 64),
	(2131, 0, 36, '2024-03-02 00:00:00', 62, 63, 61, 63, 62, 64),
	(2132, 0, 36, '2024-03-09 00:00:00', 61, 63, 60, 62, 62, 65),
	(2133, 0, 36, '2024-03-16 00:00:00', 63, 62, 61, 65, 63, 64),
	(2134, 0, 36, '2024-03-23 00:00:00', 62, 64, 62, 65, 64, 66),
	(2135, 0, 36, '2024-03-30 00:00:00', 64, 64, 63, 66, 64, 66),
	(2136, 0, 36, '2024-04-06 00:00:00', 64, 65, 63, 66, 65, 67),
	(2137, 0, 36, '2024-04-13 00:00:00', 63, 64, 64, 66, 64, 67),
	(2138, 0, 36, '2024-04-20 00:00:00', 65, 66, 64, 67, 66, 68),
	(2139, 0, 36, '2024-04-27 00:00:00', 64, 65, 65, 67, 65, 68),
	(2140, 0, 36, '2024-05-04 00:00:00', 66, 67, 65, 68, 67, 68),
	(2141, 0, 36, '2024-05-11 00:00:00', 66, 66, 66, 67, 67, 69),
	(2142, 0, 36, '2024-05-18 00:00:00', 67, 68, 66, 69, 68, 69),
	(2143, 0, 36, '2024-05-25 00:00:00', 67, 67, 67, 69, 67, 70),
	(2144, 0, 36, '2024-06-01 00:00:00', 68, 69, 67, 70, 69, 70),
	(2145, 0, 36, '2024-06-08 00:00:00', 68, 68, 68, 70, 68, 71),
	(2146, 0, 36, '2024-06-15 00:00:00', 69, 70, 69, 70, 70, 71),
	(2147, 0, 36, '2024-06-22 00:00:00', 68, 71, 69, 71, 71, 72),
	(2148, 0, 36, '2024-06-29 00:00:00', 70, 71, 70, 71, 71, 72),
	(2149, 0, 36, '2024-07-06 00:00:00', 69, 70, 69, 70, 70, 73),
	(2150, 0, 36, '2024-07-13 00:00:00', 70, 71, 70, 72, 72, 72),
	(2151, 0, 36, '2024-07-20 00:00:00', 71, 72, 71, 71, 73, 73),
	(2152, 0, 36, '2024-07-27 00:00:00', 71, 72, 71, 73, 72, 74),
	(2153, 0, 36, '2024-08-03 00:00:00', 72, 73, 72, 74, 73, 73),
	(2154, 0, 36, '2024-08-10 00:00:00', 72, 72, 73, 74, 74, 74),
	(2155, 0, 36, '2024-08-17 00:00:00', 73, 74, 72, 73, 74, 75),
	(2156, 0, 36, '2024-08-24 00:00:00', 73, 74, 73, 75, 75, 75),
	(2157, 0, 36, '2024-08-31 00:00:00', 74, 75, 74, 75, 75, 76),
	(2158, 0, 36, '2024-09-07 00:00:00', 75, 74, 74, 76, 76, 76),
	(2159, 0, 37, '2024-02-24 00:00:00', 65, 66, 65, 67, 66, 68),
	(2160, 0, 37, '2024-03-02 00:00:00', 65, 66, 66, 67, 67, 68),
	(2161, 0, 37, '2024-03-09 00:00:00', 66, 67, 66, 67, 66, 69),
	(2162, 0, 37, '2024-03-16 00:00:00', 66, 67, 67, 68, 68, 69),
	(2163, 0, 37, '2024-03-23 00:00:00', 67, 68, 67, 68, 67, 69),
	(2164, 0, 37, '2024-03-30 00:00:00', 67, 68, 67, 69, 69, 70),
	(2165, 0, 37, '2024-04-06 00:00:00', 68, 68, 68, 69, 69, 70),
	(2166, 0, 37, '2024-04-13 00:00:00', 68, 69, 69, 69, 70, 71),
	(2167, 0, 37, '2024-04-20 00:00:00', 69, 70, 69, 70, 71, 71),
	(2168, 0, 37, '2024-04-27 00:00:00', 69, 70, 70, 70, 71, 71),
	(2169, 0, 37, '2024-05-04 00:00:00', 70, 70, 70, 71, 71, 72),
	(2170, 0, 37, '2024-05-11 00:00:00', 70, 71, 71, 71, 72, 72),
	(2171, 0, 37, '2024-05-18 00:00:00', 71, 71, 71, 71, 73, 72),
	(2172, 0, 37, '2024-05-25 00:00:00', 71, 72, 71, 72, 73, 73),
	(2173, 0, 37, '2024-06-01 00:00:00', 72, 72, 72, 72, 73, 73),
	(2174, 0, 37, '2024-06-08 00:00:00', 72, 73, 72, 73, 74, 74),
	(2175, 0, 37, '2024-06-15 00:00:00', 73, 73, 73, 73, 75, 74),
	(2176, 0, 37, '2024-06-22 00:00:00', 73, 74, 73, 74, 74, 75),
	(2177, 0, 37, '2024-06-29 00:00:00', 73, 73, 72, 74, 75, 75),
	(2178, 0, 37, '2024-07-06 00:00:00', 73, 74, 72, 74, 74, 74),
	(2179, 0, 37, '2024-07-13 00:00:00', 74, 74, 73, 74, 74, 75),
	(2180, 0, 37, '2024-07-20 00:00:00', 73, 73, 72, 74, 75, 74),
	(2181, 0, 37, '2024-07-27 00:00:00', 74, 75, 73, 75, 75, 75),
	(2182, 0, 37, '2024-08-03 00:00:00', 74, 75, 74, 75, 76, 76),
	(2183, 0, 37, '2024-08-10 00:00:00', 74, 74, 75, 76, 76, 75),
	(2184, 0, 37, '2024-08-17 00:00:00', 75, 76, 74, 76, 76, 76),
	(2185, 0, 37, '2024-08-24 00:00:00', 75, 75, 75, 77, 76, 76),
	(2186, 0, 37, '2024-08-31 00:00:00', 75, 76, 75, 77, 77, 77),
	(2187, 0, 37, '2024-09-07 00:00:00', 76, 76, 75, 78, 77, 77),
	(2201, 1, 1, '2024-10-06 12:05:08', 80, 79, 79, 81, 81, 81),
	(2215, 1, 2, '2024-10-06 12:05:08', 81, 81, 80, 83, 82, 82),
	(2229, 1, 3, '2024-10-06 12:05:08', 80, 80, 82, 82, 81, 82),
	(2243, 1, 4, '2024-10-06 12:05:08', 80, 79, 79, 81, 81, 81),
	(2257, 1, 5, '2024-10-06 12:05:08', 81, 81, 80, 83, 82, 82),
	(2271, 1, 6, '2024-10-06 12:05:08', 80, 80, 82, 82, 81, 82),
	(2285, 1, 7, '2024-10-06 12:05:08', 80, 79, 79, 81, 81, 81),
	(2299, 1, 8, '2024-10-06 12:05:08', 81, 81, 80, 83, 82, 82),
	(2313, 1, 9, '2024-10-06 12:05:08', 80, 80, 82, 82, 81, 82),
	(2327, 1, 10, '2024-10-06 12:05:08', 80, 79, 79, 81, 81, 81),
	(2341, 1, 11, '2024-10-06 12:05:08', 81, 81, 80, 83, 82, 82),
	(2355, 1, 12, '2024-10-06 12:05:08', 80, 80, 82, 82, 81, 82),
	(2369, 1, 13, '2024-10-06 12:05:08', 80, 79, 79, 81, 81, 81),
	(2383, 1, 14, '2024-10-06 12:05:08', 81, 81, 80, 83, 82, 82),
	(2397, 1, 15, '2024-10-06 12:05:08', 80, 80, 82, 82, 81, 82),
	(2411, 1, 16, '2024-10-06 12:05:08', 80, 79, 79, 81, 81, 81),
	(2425, 1, 17, '2024-10-06 12:05:08', 81, 81, 80, 83, 82, 82),
	(2439, 1, 18, '2024-10-06 12:05:08', 80, 80, 82, 82, 81, 82),
	(2453, 1, 19, '2024-10-06 12:05:08', 80, 79, 79, 81, 81, 81),
	(2467, 1, 20, '2024-10-06 12:05:08', 81, 81, 80, 83, 82, 82),
	(2481, 1, 21, '2024-10-06 12:05:08', 80, 80, 82, 82, 81, 82),
	(2495, 1, 22, '2024-10-06 12:05:08', 80, 79, 79, 81, 81, 81),
	(2509, 1, 23, '2024-10-06 12:05:08', 81, 81, 80, 83, 82, 82),
	(2523, 1, 24, '2024-10-06 12:05:08', 80, 80, 82, 82, 81, 82),
	(2537, 1, 25, '2024-10-06 12:05:08', 80, 79, 79, 81, 81, 81),
	(2551, 1, 26, '2024-10-06 12:05:08', 81, 81, 80, 83, 82, 82),
	(2565, 1, 27, '2024-10-06 12:05:08', 80, 80, 82, 82, 81, 82),
	(2579, 1, 28, '2024-10-06 12:05:08', 80, 79, 79, 81, 81, 81),
	(2593, 1, 29, '2024-10-06 12:05:08', 81, 81, 80, 83, 82, 82),
	(2607, 1, 30, '2024-10-06 12:05:08', 80, 80, 82, 82, 81, 82),
	(2621, 1, 31, '2024-10-06 12:05:08', 80, 79, 79, 81, 81, 81),
	(2649, 1, 33, '2024-10-06 12:05:08', 80, 80, 82, 82, 81, 82),
	(2663, 1, 34, '2024-10-06 12:05:08', 80, 79, 79, 81, 81, 81),
	(2677, 1, 35, '2024-10-06 12:05:08', 81, 81, 80, 83, 82, 82),
	(2691, 1, 36, '2024-10-06 12:05:08', 80, 79, 79, 81, 81, 81),
	(2705, 1, 37, '2024-10-06 12:05:08', 81, 81, 80, 83, 82, 82);

INSERT INTO facility (facility_name, facility_location, latitude, longitude, capacity, facility_found) VALUES
('', '   200-1', 37.8638, 127.7231, 20000, '2002-05-10'),
('', '   200-2', 37.7684, 128.8711, 15000, '1998-09-12'),
('  ', '    325', 37.6657, 128.7003, 5000, '2009-12-15'),
('', '   1551-2', 38.2064, 128.5933, 10000, '1986-07-08'),
('', '   827', 37.3425, 127.9197, 12000, '1994-10-20'),
('', '   200-3', 37.8651, 127.7245, 500, '2010-08-01'),
('  ', '   1234', 37.8812, 127.7383, 3000, '2012-06-25'),
('  ', '   5678', 37.7548, 128.8929, 1500, '2015-09-14'),
('  ', '   9101', 37.3456, 127.9287, 800, '2018-03-18'),
(' FC ', '   1', 37.8747, 127.7388, 200, '2001-11-11'),
(' FC  1', '   2345', 37.3462, 127.9332, 4000, '2007-04-12'),
(' FC  2', '   6789', 37.7623, 128.9032, 3500, '2013-02-23'),
('  ', '   1122', 37.8833, 127.7488, 10000, '2016-08-14'),
('  ', '    56', 37.8765, 127.7263, 800, '2019-12-01'),
('  ', '   103', 37.7512, 128.9005, 5000, '2014-07-22'),
(' FC ', '   3456', 37.8739, 127.7331, 500, '2020-05-17'),
(' ', '   567', 37.3457, 127.9302, 2000, '2011-11-08'),
('  ', '   789', 37.8782, 127.7319, 300, '2018-04-25'),
('  ', '   123', 37.7523, 128.8967, 700, '2013-06-07'),
(' FC ', '   101', 37.8774, 127.7299, 600, '2015-09-09');

INSERT INTO `person` (
  `team_idx`, `facility_idx`, `person_name`, `height`, `weight`, `birth`, `position`, `back_number`, 
  `nationality`, `contract_start`, `contract_end`, `id`, `phone`, `gender`, `email`, `type_code`, `person_image`
)
VALUES 
-- FW ()
('GFC', 1, '', 190, 85, '1992-07-12', 'FW', 9, '', '2023-01-01', '2025-12-31', 'kovacevic9', '010-1234-5678', '', 'kovacevic9@example.com', 'player', '.png'),
('GFC', 2, '', 185, 80, '1990-05-20', 'FW', 10, '', '2022-06-01', '2024-05-31', 'gabriel10', '010-8765-4321', '', 'gabriel10@example.com', 'player', '.png'),
('GFC', 3, '', 178, 72, '1997-09-11', 'FW', 15, '', '2021-03-01', '2024-03-01', 'jinyunseo15', '010-2345-6789', '', 'jinyunseo15@example.com', 'player', '.png'),
('GFC', 4, '', 180, 75, '1996-12-02', 'FW', 17, '', '2020-07-01', '2023-07-01', 'yooinsu17', '010-3456-7890', '', 'yooinsu17@example.com', 'player', '.png'),
('GFC', 5, '', 175, 70, '1999-03-03', 'FW', 19, '', '2022-08-01', '2025-08-01', 'kimkyungmin19', '010-4567-8901', '', 'kimkyungmin19@example.com', 'player', '.png'),
('GFC', 6, '', 183, 78, '1998-08-15', 'FW', 22, '', '2021-09-01', '2024-09-01', 'leesanghyun22', '010-5678-9012', '', 'leesanghyun22@example.com', 'player', '.png'),
('GFC', 7, '', 188, 82, '1995-01-25', 'FW', 24, '', '2023-01-01', '2025-12-31', 'henry24', '010-6789-0123', '', 'henry24@example.com', 'player', '.png'),
('GFC', 8, '', 177, 74, '1994-04-10', 'FW', 26, '', '2022-01-01', '2024-12-31', 'parkkyungbae26', '010-7890-1234', '', 'parkkyungbae26@example.com', 'player', '.png'),
('GFC', 9, '', 180, 75, '1998-12-14', 'FW', 28, '', '2021-01-01', '2024-12-31', 'chojinhyuk28', '010-8901-2345', '', 'chojinhyuk28@example.com', 'player', '.png'),
('GFC', 10, '', 178, 73, '2000-06-07', 'FW', 37, '', '2022-07-01', '2025-07-01', 'jeonghanmin37', '010-9012-3456', '', 'jeonghanmin37@example.com', 'player', '.png'),
('GFC', 11, '', 176, 72, '1999-09-19', 'FW', 43, '', '2023-05-01', '2026-05-01', 'kimhyesung43', '010-0123-4567', '', 'kimhyesung43@example.com', 'player', '.png'),
('GFC', 12, '', 179, 74, '1998-05-30', 'FW', 47, '', '2021-04-01', '2024-04-01', 'yangminhyuk47', '010-1234-5678', '', 'yangminhyuk47@example.com', 'player', '.png'),
('GFC', 13, '', 182, 76, '1996-11-08', 'FW', 90, '', '2022-03-01', '2025-03-01', 'kimhyunjin90', '010-2345-6789', '', 'kimhyunjin90@example.com', 'player', '.png'),
('GFC', 14, '', 188, 84, '1997-02-21', 'FW', 99, '', '2021-08-01', '2024-08-01', 'hajiji99', '010-3456-7890', '', 'hajiji99@example.com', 'player', '.png'),

-- MF ()
('GFC', 1, '', 178, 70, '1998-07-14', 'MF', 6, '', '2022-06-01', '2025-06-01', 'kimiseok6', '010-4567-8901', '', 'kimiseok6@example.com', 'player', '.png'),
('GFC', 2, '', 180, 72, '1995-03-21', 'MF', 14, '', '2023-01-01', '2026-01-01', 'kimdaewoo14', '010-5678-9012', '', 'kimdaewoo14@example.com', 'player', '.png'),
('GFC', 3, '', 182, 75, '1997-01-11', 'MF', 19, '', '2021-09-01', '2024-09-01', 'kimkangguk19', '010-6789-0123', '', 'kimkangguk19@example.com', 'player', '.png'),
('GFC', 4, '', 180, 73, '1997-10-05', 'MF', 27, '', '2022-01-01', '2025-01-01', 'hongseongmu27', '010-7890-1234', '', 'hongseongmu27@example.com', 'player', '.png'),
('GFC', 5, '', 176, 70, '1996-08-12', 'MF', 42, '', '2023-03-01', '2026-03-01', 'kimdonghyun42', '010-8901-2345', '', 'kimdonghyun42@example.com', 'player', '.png'),

-- DF ()
('GFC', 1, '', 186, 82, '1991-05-11', 'DF', 2, '', '2023-01-01', '2025-12-31', 'kimyoungbin2', '010-2345-6789', '', 'kimyoungbin2@example.com', 'player', '.png'),
('GFC', 2, '', 183, 78, '1997-07-21', 'DF', 3, '', '2021-01-01', '2024-12-31', 'leezisol3', '010-3456-7890', '', 'leezisol3@example.com', 'player', '.png'),
('GFC', 3, '', 184, 80, '1994-06-30', 'DF', 5, '', '2022-01-01', '2025-01-01', 'johyuntaek5', '010-5678-9012', '', 'johyuntaek5@example.com', 'player', '.png'),
('GFC', 4, '', 187, 83, '1993-02-27', 'DF', 13, '', '2022-06-01', '2025-06-01', 'leekihyuk13', '010-6789-0123', '', 'leekihyuk13@example.com', 'player', '.png'),
('GFC', 5, '', 180, 76, '1998-04-03', 'DF', 16, '', '2023-03-01', '2026-03-01', 'kimwooseok16', '010-7890-1234', '', 'kimwooseok16@example.com', 'player', '.png'),
('GFC', 6, '', 183, 78, '1991-03-15', 'DF', 20, '', '2022-01-01', '2025-01-01', 'yoonseokyoung20', '010-8901-2345', '', 'yoonseokyoung20@example.com', 'player', '.png'),
('GFC', 7, '', 184, 80, '1994-10-12', 'DF', 30, '', '2022-05-01', '2025-05-01', 'shinminha30', '010-9012-3456', '', 'shinminha30@example.com', 'player', '.png'),
('GFC', 8, '', 182, 78, '1997-09-18', 'DF', 32, '', '2023-07-01', '2026-07-01', 'parksanghyun32', '010-0123-4567', '', 'parksanghyun32@example.com', 'player', '.png'),
('GFC', 9, '', 185, 81, '1998-05-06', 'DF', 34, '', '2021-04-01', '2024-04-01', 'songjoonseok34', '010-1234-5678', '', 'songjoonseok34@example.com', 'player', '.png'),
('GFC', 10, '', 178, 72, '1999-08-24', 'DF', 66, '', '2023-05-01', '2026-05-01', 'ryukwanghyun66', '010-2345-6789', '', 'ryukwanghyun66@example.com', 'player', '.png'),
('GFC', 11, '', 187, 84, '1995-11-15', 'DF', 74, '', '2022-01-01', '2025-01-01', 'kangtuzi74', '010-3456-7890', '', 'kangtuzi74@example.com', 'player', '.png'),
('GFC', 12, '', 183, 78, '1993-04-20', 'DF', 77, '', '2023-01-01', '2026-01-01', 'parktaeryang77', '010-4567-8901', '', 'parktaeryang77@example.com', 'player', '.png'),
('GFC', 13, '', 188, 82, '1998-07-30', 'DF', 88, '', '2021-06-01', '2024-06-01', 'hwangmoongi88', '010-5678-9012', '', 'hwangmoongi88@example.com', 'player', '.png'),
('GFC', 14, '', 180, 75, '1996-09-17', 'DF', 97, '', '2022-09-01', '2025-09-01', 'leeyuhyun97', '010-6789-0123', '', 'leeyuhyun97@example.com', 'player', '.png'),

-- GK ()
('GFC', 1, '', 190, 84, '1995-01-01', 'GK', 1, '', '2022-07-01', '2025-07-01', 'leekwangyeon1', '010-1234-5678', '', 'leekwangyeon1@example.com', 'player', '.png'),
('GFC', 2, '', 185, 80, '1993-06-23', 'GK', 21, '', '2021-08-01', '2024-08-01', 'parkjunghyo21', '010-2345-6789', '', 'parkjunghyo21@example.com', 'player', '.png'),
('GFC', 3, '', 188, 82, '1994-09-13', 'GK', 31, '', '2022-03-01', '2025-03-01', 'jominju31', '010-3456-7890', '', 'jominju31@example.com', 'player', '.png'),
('GFC', 4, '', 185, 80, '1998-02-14', 'GK', 41, '', '2023-01-01', '2026-01-01', 'kimyoosung41', '010-4567-8901', '', 'kimyoosung41@example.com', 'player', '.png');

INSERT INTO person (team_idx, facility_idx, person_name, height, weight, birth, position, back_number, nationality, contract_start, contract_end, id, phone, gender, email, type_code, person_image)
VALUES
('GFC', 1, '', 178.0, 72.0, '1973-10-16', '', 1, '', '2022-01-01', '2023-12-31', 'yun_jeonghwan', '010-1111-2222', 'M', 'yun.jeonghwan@gangwon-fc.com', 'coach', '.png'),
('GFC', 1, '', 180.0, 75.0, '1981-03-23', '', 2, '', '2022-01-01', '2023-12-31', 'jung_kyungho', '010-1234-5678', 'M', 'jung.kyungho@gangwon-fc.com', 'coach', '.png'),
('GFC', 1, '', 177.0, 70.0, '1983-08-14', '', 3, '', '2022-01-01', '2023-12-31', 'choi_hyojin', '010-2345-6789', 'M', 'choi.hyojin@gangwon-fc.com', 'coach', '.png'),
('GFC', 1, '', 175.0, 68.0, '1985-12-15', '', 4, '', '2022-01-01', '2023-12-31', 'song_changho', '010-3456-7890', 'M', 'song.changho@gangwon-fc.com', 'coach', '.png'),
('GFC', 1, '', 182.0, 80.0, '1981-06-22', 'GK', 5, '', '2022-01-01', '2023-12-31', 'jeon_sangwook', '010-4567-8901', 'M', 'jeon.sangwook@gangwon-fc.com', 'coach', '.png'),
('GFC', 1, '', 178.0, 72.0, '1982-09-19', '', 6, '', '2022-01-01', '2023-12-31', 'jung_moonho', '010-5678-9012', 'M', 'jung.moonho@gangwon-fc.com', 'coach', '.png'),
('GFC', 1, '', 177.0, 73.0, '1986-11-05', '', 7, '', '2022-01-01', '2023-12-31', 'kim_beomsoo', '010-6789-0123', 'M', 'kim.beomsoo@gangwon-fc.com', 'coach', '.png'),
('GFC', 1, '', 176.0, 71.0, '1990-01-12', '', 8, '', '2022-01-01', '2023-12-31', 'son_yonggwan', '010-7890-1234', 'M', 'son.yonggwan@gangwon-fc.com', 'coach', '.png'),
('GFC', 1, '', 185.0, 85.0, '1987-02-25', '', 9, '', '2022-01-01', '2023-12-31', 'ham_seongwon', '010-8901-2345', 'M', 'ham.seongwon@gangwon-fc.com', 'coach', '.png'),
('GFC', 1, '', 178.0, 74.0, '1982-04-01', '', 10, '', '2022-01-01', '2023-12-31', 'kim_yongsin', '010-9012-3456', 'M', 'kim.yongsin@gangwon-fc.com', 'coach', '.png'),
('GFC', 1, '', 175.0, 70.0, '1985-05-16', '', 11, '', '2022-01-01', '2023-12-31', 'yu_hyungjun', '010-0123-4567', 'M', 'yu.hyungjun@gangwon-fc.com', 'coach', '.png'),
('GFC', 1, '', 180.0, 72.0, '1992-03-12', '', 12, '', '2022-01-01', '2023-12-31', 'kim_seunghyun', '010-1234-5678', 'M', 'kim.seunghyun@gangwon-fc.com', 'coach', '.png');

INSERT INTO injury (person_idx, broken_date, severity, doctor, recovery, injury_part, memo) VALUES 
(1, '2024-08-10 14:30:00', '', '', 45, '', '   '),
(2, '2024-07-15 10:00:00', '', '', 30, '', '     '),
(3, '2024-06-05 16:45:00', '', '', 15, '', '  '),
(4, '2024-09-01 09:20:00', '', '', 25, '', ' '),
(5, '2024-07-20 13:00:00', '', '', 50, '', '  '),
(6, '2024-08-25 11:30:00', '', '', 35, '', '  '),
(7, '2024-05-30 17:10:00', '', '', 10, '', '  '),
(8, '2024-06-18 14:00:00', '', '', 28, '', '  '),
(9, '2024-08-12 18:50:00', '', '', 40, '', '  '),
(10, '2024-07-03 15:00:00', '', '', 12, '', '   ');

INSERT INTO train (train_name, start_date, end_date, start_time, end_time, area, memo, count_mem)
VALUES
('  1', '2024-01-01', '2024-01-02', '2024-01-01 09:00:00', '2024-01-01 11:00:00', '', '  ', 20),
('  1', '2024-01-05', '2024-01-06', '2024-01-05 10:00:00', '2024-01-05 12:00:00', '', '  ', 25),
('  1', '2024-01-10', '2024-01-11', '2024-01-10 08:00:00', '2024-01-10 10:00:00', '', '  ', 15),
('  2', '2024-01-15', '2024-01-16', '2024-01-15 14:00:00', '2024-01-15 16:00:00', '', '  ', 22),
('  2', '2024-01-20', '2024-01-21', '2024-01-20 13:00:00', '2024-01-20 15:00:00', '', '  ', 28),
('  2', '2024-01-25', '2024-01-26', '2024-01-25 09:00:00', '2024-01-25 11:00:00', '', '  ', 18),
('  3', '2024-02-01', '2024-02-02', '2024-02-01 09:00:00', '2024-02-01 11:00:00', '', '  ', 24),
('  3', '2024-02-05', '2024-02-06', '2024-02-05 10:00:00', '2024-02-05 12:00:00', '', '  ', 26),
('  3', '2024-02-10', '2024-02-11', '2024-02-10 08:00:00', '2024-02-10 10:00:00', '', '  ', 14),
('  4', '2024-02-15', '2024-02-16', '2024-02-15 14:00:00', '2024-02-15 16:00:00', '', '   ', 23),
('  4', '2024-02-20', '2024-02-21', '2024-02-20 13:00:00', '2024-02-20 15:00:00', '', '  ', 30),
('  4', '2024-02-25', '2024-02-26', '2024-02-25 09:00:00', '2024-02-25 11:00:00', '', '  ', 20),
('  5', '2024-03-01', '2024-03-02', '2024-03-01 09:00:00', '2024-03-01 11:00:00', '', '  ', 24),
('  5', '2024-03-05', '2024-03-06', '2024-03-05 10:00:00', '2024-03-05 12:00:00', '', '  ', 27),
('  5', '2024-03-10', '2024-03-11', '2024-03-10 08:00:00', '2024-03-10 10:00:00', '', '  ', 17),
('  6', '2024-03-15', '2024-03-16', '2024-03-15 14:00:00', '2024-03-15 16:00:00', '', '  ', 21),
('  6', '2024-03-20', '2024-03-21', '2024-03-20 13:00:00', '2024-03-20 15:00:00', '', '  ', 29),
('  6', '2024-03-25', '2024-03-26', '2024-03-25 09:00:00', '2024-03-25 11:00:00', '', '  ', 19),
('  7', '2024-04-01', '2024-04-02', '2024-04-01 09:00:00', '2024-04-01 11:00:00', '', '  ', 24),
('  7', '2024-04-05', '2024-04-06', '2024-04-05 10:00:00', '2024-04-05 12:00:00', '', '  ', 26),
('  7', '2024-04-10', '2024-04-11', '2024-04-10 08:00:00', '2024-04-10 10:00:00', '', '  ', 16),
('  8', '2024-04-15', '2024-04-16', '2024-04-15 14:00:00', '2024-04-15 16:00:00', '', '  ', 22),
('  8', '2024-04-20', '2024-04-21', '2024-04-20 13:00:00', '2024-04-20 15:00:00', '', '  ', 28),
('  8', '2024-04-25', '2024-04-26', '2024-04-25 09:00:00', '2024-04-25 11:00:00', '', '  ', 18),
('  9', '2024-05-01', '2024-05-02', '2024-05-01 09:00:00', '2024-05-01 11:00:00', '', '   ', 24),
('  9', '2024-05-05', '2024-05-06', '2024-05-05 10:00:00', '2024-05-05 12:00:00', '', '  ', 25),
('  9', '2024-05-10', '2024-05-11', '2024-05-10 08:00:00', '2024-05-10 10:00:00', '', '  ', 14),
('  10', '2024-05-15', '2024-05-16', '2024-05-15 14:00:00', '2024-05-15 16:00:00', '', '   ', 23),
('  10', '2024-05-20', '2024-05-21', '2024-05-20 13:00:00', '2024-05-20 15:00:00', '', '  ', 27),
('  10', '2024-05-25', '2024-05-26', '2024-05-25 09:00:00', '2024-05-25 11:00:00', '', '  ', 20);

INSERT INTO team (team_idx, facility_idx, team_name, found, hometown, team_image)
VALUES
('GFC', NULL, 'FC', '2008-01-01', '', '.png'),
('ULS', NULL, '', '1983-12-01', '', '.png'),
('SFC', NULL, 'FC', '2003-03-01', '', '.png'),
('GIM', NULL, '', '2020-01-01', '', '.png'),
('SEO', NULL, 'FC', '1983-01-01', '', '.png'),
('POH', NULL, '', '1973-04-01', '', '.png'),
('GWJ', NULL, 'FC', '2010-01-01', '', '.png'),
('JEJ', NULL, '', '1982-12-17', '', '.png'),
('DJE', NULL, '', '1997-01-01', '', '.png'),
('INC', NULL, '', '2003-02-01', '', '.png'),
('JNB', NULL, '', '1994-12-01', '', '.png'),
('DEG', NULL, 'FC', '2002-01-01', '', '.png');

INSERT INTO game (game_name, game_date, stadium, goal, concede, opponent, game_type, is_home) VALUES
('2024 K1 1', '2024-03-02', '', 2, 1, 'HD', '', 1),
('2024 K1 2', '2024-03-09', '', 1, 1, 'FC', '', 0),
('2024 K1 3', '2024-03-16', '', 0, 2, 'FC', '', 1),
('2024 K1 4', '2024-03-23', '', 1, 3, 'FC', '', 0),
('2024 K1 5', '2024-03-30', '', 2, 2, ' ', '', 1),
('2024 FA 32', '2024-04-03', '', 3, 1, 'FC', '', 0),
('2024 K1 6', '2024-04-06', '', 0, 1, ' FC', '', 0),
('2024 K1 7', '2024-04-13', '', 2, 0, ' ', '', 1),
('2024 K1 8', '2024-04-20', '', 1, 2, ' FC', '', 0),
('2024 K1 9', '2024-04-27', '', 1, 1, ' ', '', 1),
('2024 K1 10', '2024-05-04', 'DGB', 0, 2, 'FC', '', 0),
('2024 FA 16', '2024-05-08', '', 2, 1, 'FC', '', 1),
('2024 K1 11', '2024-05-11', '', 3, 2, 'HD', '', 1),
('2024 K1 12', '2024-05-18', '', 1, 1, 'FC', '', 0),
('2024 K1 13', '2024-05-25', '', 2, 3, 'FC', '', 1),
('2024 K1 14', '2024-06-01', '', 0, 2, ' ', '', 0),
('2024 FA 8', '2024-06-05', '', 1, 0, ' ', '', 1),
('2024 K1 15', '2024-06-15', '', 2, 1, 'FC', '', 1),
('2024 K1 16', '2024-06-22', '', 1, 3, ' FC', '', 0),
('2024 K1 17', '2024-06-29', '', 0, 0, ' ', '', 1),
('2024 K1 18', '2024-07-06', '', 2, 2, ' FC', '', 1),
('2024 FA 4', '2024-07-10', '', 1, 2, ' ', '', 0),
('2024 K1 19', '2024-07-13', '', 3, 1, 'FC', '', 1),
('2024 K1 20', '2024-07-20', '', 0, 3, 'HD', '', 0),
('2024 K1 21', '2024-07-27', '', 2, 0, 'FC', '', 1),
('2024 K1 22', '2024-08-03', '', 1, 1, 'FC', '', 1),
('2024 K1 23', '2024-08-10', '', 1, 2, 'FC', '', 0),
('2024 K1 24', '2024-08-17', '', 3, 2, ' ', '', 1),
('2024 K1 25', '2024-08-24', '', 0, 1, 'FC', '', 0),
('2024 K1 26', '2024-08-31', '', 2, 2, ' FC', '', 1),
('2024 K1 27', '2024-09-10', '', 1, 3, ' ', '', 0),
('2024 FA 32', '2024-03-05', '', 2, 0, ' FC', '', 1),
('2024 K1 39', '2024-03-08', '', 1, 2, ' ', '', 0),
('2024 K1 40', '2024-03-15', '', 3, 1, 'FC', '', 1),
('2024 K1 41', '2024-03-22', '', 0, 3, 'HD', '', 0),
('2024 FA 16', '2024-03-26', '', 2, 1, ' ', '', 1),
('2024 K1 42', '2024-03-29', '', 1, 1, 'FC', '', 1),
('2024 K1 43', '2024-04-05', '', 2, 2, 'FC', '', 0),
('2024 K1 44', '2024-04-12', '', 3, 2, 'FC', '', 1),
('2024 K1 45', '2024-04-19', '', 1, 2, ' ', '', 0),
('2024 FA 8', '2024-04-23', '', 2, 0, 'FC', '', 1),
('2024 K1 46', '2024-04-26', '', 1, 0, 'FC', '', 1),
('2024 K1 47', '2024-05-03', '', 2, 2, ' FC', '', 0),
('2024 K1 48', '2024-05-10', '', 3, 1, ' ', '', 1),
('2024 K1 49', '2024-05-17', '', 1, 1, ' FC', '', 0),
('2024 FA 4', '2024-05-21', '', 2, 1, 'HD', '', 1),
('2024 K1 50', '2024-05-24', '', 0, 2, ' ', '', 1),
('2024 K1 51', '2024-05-31', 'DGB', 1, 3, 'FC', '', 0),
('2024 K1 52', '2024-06-07', '', 2, 2, 'HD', '', 1),
('2024 K1 53', '2024-06-14', '', 0, 1, 'FC', '', 0),
('2024 FA ', '2024-06-18', '', 1, 2, 'FC', '', 0),
('2024 K1 54', '2024-06-21', '', 3, 0, 'FC', '', 1),
('2024 K1 55', '2024-06-28', '', 1, 2, 'FC', '', 0),
('2024 K1 56', '2024-07-05', '', 2, 1, ' ', '', 1),
('2024 K1 57', '2024-07-12', '', 0, 0, 'FC', '', 0),
('2024 K1 58', '2024-07-19', '', 3, 2, ' FC', '', 1),
('2024 K1 59', '2024-07-26', '', 1, 1, ' ', '', 0),
('2024 K1 60', '2024-08-02', '', 2, 0, ' FC', '', 1),
('2024 K1 61', '2024-08-09', '', 0, 3, ' ', '', 0),
('2024 K1 62', '2024-08-16', '', 2, 1, 'FC', '', 1),
('2024 K1 63', '2024-08-23', '', 1, 2, 'HD', '', 0),
('2024 K1 64', '2024-08-30', '', 3, 1, 'FC', '', 1),
('2024 K1 65', '2024-09-07', '', 0, 2, 'FC', '', 0),
('2024 K1 66', '2024-09-08', '', 2, 2, 'FC', '', 1);

INSERT INTO finance (finance_type, finance_date, amount, trader, purpose, finance_memo) VALUES
('', '2024-01-05', 5000000, ' FC', '  ', '2024   '),
('', '2024-01-10', 3000000, ' FC', ' ', '  '),
('', '2024-01-15', 2000000, ' FC', ' ', ' '),
('', '2024-01-20', 10000000, ' FC', ' ', '1   '),
('', '2024-01-25', 2000000, ' FC', ' ', ' '),
('', '2024-02-05', 1500000, ' FC', ' ', '    '),
('', '2024-02-10', 8000000, ' FC', 'TV ', ' '),
('', '2024-02-15', 500000, ' FC', ' ', '  '),
('', '2024-02-20', 3000000, ' FC', ' ', '  '),
('', '2024-03-01', 10000000, ' FC', ' ', '3  '),
('', '2024-03-05', 7000000, ' FC', ' ', '  '),
('', '2024-03-10', 12000000, ' FC', ' ', '3   '),
('', '2024-03-15', 2500000, ' FC', ' ', '  '),
('', '2024-04-01', 6000000, ' FC', '  ', '2024    '),
('', '2024-04-05', 9000000, ' FC', 'TV ', '  '),
('', '2024-04-10', 3000000, ' FC', '', ' '),
('', '2024-04-15', 1500000, ' FC', ' ', '   '),
('', '2024-05-01', 7500000, ' FC', ' ', '5  '),
('', '2024-05-05', 4000000, ' FC', ' ', '  '),
('', '2024-05-10', 11000000, ' FC', ' ', '5   '),
('', '2024-05-15', 2000000, ' FC', ' ', ' '),
('', '2024-06-01', 8500000, ' FC', ' ', '6  '),
('', '2024-06-05', 4500000, ' FC', ' ', '    '),
('', '2024-06-10', 10000000, ' FC', ' ', '6   '),
('', '2024-06-15', 2500000, ' FC', ' ', '  '),
('', '2024-07-01', 5000000, ' FC', ' ', '  '),
('', '2024-07-05', 3000000, ' FC', ' ', '7  '),
('', '2024-07-10', 9000000, ' FC', ' ', '7   '),
('', '2024-07-15', 1800000, ' FC', ' ', '  '),
('', '2024-07-20', 10000000, ' FC', ' ', '   ');

INSERT INTO sponsor (sponsor_name, contract_date, price, contract_condition, sponsor_memo, start_date, end_date) VALUES
('ABC Corp', '2024-01-01', 50000000, '  ', '  ', '2024-01-01', '2024-12-31'),
('XYZ Industries', '2024-01-15', 30000000, '   ', '  ', '2024-02-01', '2025-01-31'),
('Samsung Electronics', '2024-02-01', 100000000, ' ', '  ', '2024-03-01', '2024-12-31'),
('LG Group', '2024-02-15', 70000000, '  ', ' ', '2024-03-15', '2025-02-14'),
('Hyundai Motors', '2024-03-01', 120000000, '  ', '  ', '2024-03-01', '2025-02-28'),
('Kia Motors', '2024-03-15', 90000000, ' ', 'K ', '2024-04-01', '2025-03-31'),
('Lotte Group', '2024-04-01', 80000000, ' ', '  ', '2024-05-01', '2025-04-30'),
('Hana Bank', '2024-04-15', 65000000, '  ', '   ', '2024-05-01', '2025-04-30'),
('Shinhan Bank', '2024-05-01', 70000000, '  ', '    ', '2024-05-15', '2025-05-14'),
('Kookmin Bank', '2024-05-15', 50000000, '  ', '  ', '2024-06-01', '2025-05-31'),
('SK Telecom', '2024-06-01', 90000000, '   ', '   ', '2024-06-15', '2025-06-14'),
('KT Corporation', '2024-06-15', 85000000, '   ', '   ', '2024-07-01', '2025-06-30'),
('POSCO', '2024-07-01', 95000000, '  ', '  ', '2024-07-15', '2025-07-14'),
('GS Group', '2024-07-15', 60000000, '  ', '  ', '2024-08-01', '2025-07-31'),
('CJ Group', '2024-08-01', 70000000, '  ', '  ', '2024-08-15', '2025-08-14'),
('Naver', '2024-08-15', 100000000, '   ', '   ', '2024-09-01', '2025-08-31'),
('Kakao', '2024-09-01', 85000000, '  ', '   ', '2024-09-15', '2025-09-14'),
('HiteJinro', '2024-09-15', 50000000, '  ', '  ', '2024-10-01', '2025-09-30'),
('Coca-Cola', '2024-10-01', 70000000, '  ', '  ', '2024-10-15', '2025-10-14'),
('PepsiCo', '2024-10-15', 65000000, '  ', '   ', '2024-11-01', '2025-10-31'),
('AmorePacific', '2024-11-01', 40000000, '  ', '  ', '2024-11-15', '2025-11-14'),
('LG Household & Health Care', '2024-11-15', 55000000, '    ', '  ', '2024-12-01', '2025-11-30'),
('Pulmuone', '2024-12-01', 35000000, '  ', '  ', '2024-12-15', '2025-12-14'),
('Ottogi', '2024-12-15', 30000000, '  ', '  ', '2025-01-01', '2025-12-31'),
('Nongshim', '2024-12-20', 50000000, '  ', '    ', '2025-01-15', '2026-01-14'),
('Lotte Confectionery', '2024-12-25', 70000000, '  ', '   ', '2025-02-01', '2026-01-31'),
('Hyosung', '2025-01-01', 90000000, '  ', '  ', '2025-01-15', '2026-01-14'),
('Doosan', '2025-01-05', 95000000, '  ', '   ', '2025-01-20', '2026-01-19'),
('LIG Nex1', '2025-01-10', 85000000, '  ', '     ', '2025-02-01', '2026-01-31'),
('Hanwha', '2025-01-15', 100000000, '  ', '   ', '2025-02-15', '2026-02-14');

